1
1
14.087
10.099
5.9133
9.9005
1
1
14.694
10.094
5.3057
9.9055
1
1
15.353
10.09
4.6473
9.9102
1
1
16.068
10.085
3.9325
9.9147
1
1
16.845
10.081
3.1552
9.919
1
1
17.691
10.077
2.3087
9.923
1
1
18.614
10.073
1.3857
9.9269
1
1
19.622
10.069
0.378
9.9305
1
1
20.723
10.066
-0.7231
9.934
1
1
21.927
10.063
-1.9274
9.9373
1
1
23.245
10.06
-3.2455
9.9405
1
1
24.689
10.057
-4.6891
9.9434
1
1
26.271
10.054
-6.2712
9.9463
1
1
28.006
10.051
-8.0058
9.9489
1
1
29.908
10.049
-9.9085
9.9515
1
1
31.996
10.046
-11.996
9.9539
1
1
34.288
10.044
-14.288
9.9562
1
1
36.804
10.042
-16.804
9.9584
1
1
39.568
10.04
-19.568
9.9605
1
1
42.604
10.038
-22.604
9.9625
1
1
45.939
10.036
-25.939
9.9643
1
1
49.605
10.034
-29.605
9.9661
1
1
53.633
10.032
-33.633
9.9678
1
1
58.06
10.031
-38.06
9.9694
1
1
62.928
10.029
-42.928
9.971
1
1
68.278
10.028
-48.278
9.9724
1
1
74.161
10.026
-54.161
9.9738
1
1
80.63
10.025
-60.63
9.9751
1
1
87.743
10.024
-67.743
9.9763
1
1
95.564
10.022
-75.564
9.9775
1
1
104.17
10.021
-84.166
9.9787
1
1
113.62
10.02
-93.625
9.9797
1
1
124.03
10.019
-104.03
9.9807
1
1
135.47
10.018
-115.47
9.9817
1
1
148.05
10.017
-128.05
9.9826
1
1
161.89
10.017
-141.89
9.9835
1
1
177.12
10.016
-157.12
9.9843
1
1
193.86
10.015
-173.86
9.9851
1
1
212.27
10.014
-192.27
9.9858
1
1
232.53
10.013
-212.53
9.9865
1
1
254.81
10.013
-234.81
9.9872
1
1
279.32
10.012
-259.32
9.9879
1
1
306.27
10.012
-286.27
9.9885
1
1
335.92
10.011
-315.92
9.989
1
1
368.54
10.01
-348.54
9.9896
1
1
404.41
10.01
-384.41
9.9901
1
1
443.87
10.009
-423.87
9.9906
1
1
487.28
10.009
-467.28
9.9911
1
1
535.02
10.008
-515.02
9.9915
1
1
587.54
10.008
-567.54
9.9919
1
1
645.31
10.008
-625.31
9.9923
1
1
708.86
10.007
-688.86
9.9927
1
1
778.76
10.007
-758.76
9.9931
1
1
855.65
10.007
-835.65
9.9934
1
1
940.23
10.006
-920.23
9.9938
1
1
1033.3
10.006
-1013.3
9.9941
1
1
1135.6
10.006
-1115.6
9.9944
1
1
1248.2
10.005
-1228.2
9.9947
1
1
1372
10.005
-1352
9.9949
1
1
1508.2
10.005
-1488.2
9.9952
1
1
1658
10.005
-1638
9.9954
1
1
1822.9
10.004
-1802.9
9.9956
1
1
2004.1
10.004
-1984.1
9.9959
1
1
2203.6
10.004
-2183.6
9.9961
1
1
2422.9
10.004
-2402.9
9.9963
1
1
2664.2
10.004
-2644.2
9.9965
1
1
2929.7
10.003
-2909.7
9.9966
1
1
3221.6
10.003
-3201.6
9.9968
1
1
3542.8
10.003
-3522.8
9.997
1
1
3896.1
10.003
-3876.1
9.9971
1
1
4284.7
10.003
-4264.7
9.9973
1
1
4712.2
10.003
-4692.2
9.9974
1
1
5182.4
10.002
-5162.4
9.9975
1
1
5699.7
10.002
-5679.7
9.9976
1
1
6268.6
10.002
-6248.6
9.9978
1
1
6894.5
10.002
-6874.5
9.9979
1
1
7583
10.002
-7563
9.998
1
1
8340.3
10.002
-8320.3
9.9981
1
1
9173.3
10.002
-9153.3
9.9982
1
1
10090
10.002
-10070
9.9983
1
1
11098
10.002
-11078
9.9984
1
1
12206
10.002
-12186
9.9984
1
1
13426
10.001
-13406
9.9985
1
1
14768
10.001
-14748
9.9986
1
1
16243
10.001
-16223
9.9987
1
1
17867
10.001
-17847
9.9987
1
1
19652
10.001
-19632
9.9988
1
1
21617
10.001
-21597
9.9989
1
1
23777
10.001
-23757
9.9989
1
1
26154
10.001
-26134
9.999
1
1
28768
10.001
-28748
9.999
1
1
31644
10.001
-31624
9.9991
1
1
34808
10.001
-34788
9.9991
1
1
38287
10.001
-38267
9.9992
1
1
42115
10.001
-42095
9.9992
1
1
46326
10.001
-46306
9.9992
1
1
50957
10.001
-50937
9.9993
1
1
56052
10.001
-56032
9.9993
1
1
61656
10.001
-61636
9.9993
1
1
-10110
10110
-7720.4
7720.8
