3.503797460000e+08
8.905650000000e+05
1.076678340000e+08
8.176528700000e+07
1.054097890000e+08
7.198322400000e+07
4.413648700000e+07
2.778456600000e+07
2.392981000000e+06
3.400813000000e+06
2.590800000000e+04
7.877000000000e+03
9.000000000000e+02
8.800000000000e+02
8.600000000000e+02
9.980000000000e+02
8.660000000000e+02
8.780000000000e+02
8.660000000000e+02
8.610000000000e+02
8.640000000000e+02
9.190000000000e+02
9.040000000000e+02
8.850000000000e+02
8.740000000000e+02
8.660000000000e+02
8.710000000000e+02
8.670000000000e+02
8.550000000000e+02
8.590000000000e+02
8.550000000000e+02
8.570000000000e+02
8.620000000000e+02
8.660000000000e+02
8.740000000000e+02
8.740000000000e+02
8.640000000000e+02
8.550000000000e+02
8.740000000000e+02
8.540000000000e+02
8.730000000000e+02
8.660000000000e+02
8.560000000000e+02
8.660000000000e+02
8.640000000000e+02
8.580000000000e+02
8.720000000000e+02
8.590000000000e+02
8.540000000000e+02
8.700000000000e+02
8.630000000000e+02
