0
-0.022188
0.031739
-0.04193
-0.016028
-0.0013715
-0.040136
-0.0037237
0.023885
0.043276
0.037991
0.046083
0.0098969
0.0025462
0.043706
-0.013723
-0.045886
-0.029406
-0.030414
0.026437
-0.040537
-0.0088931
-0.025371
-0.040443
-0.01812
-0.04844
0.0035981
-0.027778
0.02088
-0.035329
-0.0076379
0.033357
0.045765
-0.023694
0.025492
0.0095142
-0.001561
0.016467
0.013581
0.029967
0.041444
0.029187
-0.010688
0.048986
-0.044845
-0.041016
-0.011284
0.02682
0.047603
-0.01924
0.012433
-0.045925
-0.03685
0.021666
-0.039228
0.033075
0.044318
0.018176
0.0015246
0.037705
0.03933
-0.029274
-0.030425
0.018224
0.042209
-0.025164
0.021539
-0.033821
0.014619
-0.018261
0.044861
-0.026622
0.04269
-0.021695
0.0049922
-0.0458
0.010905
-0.049867
-0.043295
-0.020378
0.036436
0.0033848
-0.026202
-0.046743
0.046465
0.0071288
-0.017582
0.015974
-0.039769
0.030455
-0.022325
0.027207
0.041701
0.045125
-0.019377
0.028915
-0.0012995
0.028516
-0.043741
0.046491
