2,-2,0,-0,0,-0,0,-0,0,-0,0,-0,0,-0,0,-0,0,-0,0,-0,0,-0,0,-0,0,-0,0,-0,0,-0,0,-0,0,-0,0,-0,0,-0,0,-0,0,-0,0,-0,0,-0,0,-0,0,-0,0,-0,0,-0,0,-0,0,-0,0,-0,0,-0,0,-0,0,-0,0,-0,0,-0,0,-0,0,-0,0,-0,0,-0,0,-0,0,-0,0,-0,0,-0,0,-0,0,-0,0,-0,0,-0,0,-0,0,-0,0,-0,0,-0,0,-0,0,-0,0,-0,0,-0,0,-0,0,-0,0,-0,0,-0,0,-0,0,-0,0,-0,0,-0,0,-0,0,-0,0,-0,0,-0,0,-0,0,-0,0,-0,0,-0,0,-0,0,-0,0,-0,0,-0,0,-0,0,-0,0,-0,0,-0,0,-0,0,-0,0,-0,0,-0,0,-0,0,-0,0,-0,0,-0,0,-0,0,-0,0,-0,0,-0,0,-0,0,-0,0,-0,0,-0,0,-0,0,-0,0,-0,0,-0,0,0
-2,2,-0,0,-0,0,-0,0,-0,0,-0,0,-0,0,-0,0,-0,0,-0,0,-0,0,-0,0,-0,0,-0,0,-0,0,-0,0,-0,0,-0,0,-0,0,-0,0,-0,0,-0,0,-0,0,-0,0,-0,0,-0,0,-0,0,-0,0,-0,0,-0,0,-0,0,-0,0,-0,0,-0,0,-0,0,-0,0,-0,0,-0,0,-0,0,-0,0,-0,0,-0,0,-0,0,-0,0,-0,0,-0,0,-0,0,-0,0,-0,0,-0,0,-0,0,-0,0,-0,0,-0,0,-0,0,-0,0,-0,0,-0,0,-0,0,-0,0,-0,0,-0,0,-0,0,-0,0,-0,0,-0,0,-0,0,-0,0,-0,0,-0,0,-0,0,-0,0,-0,0,-0,0,-0,0,-0,0,-0,0,-0,0,-0,0,-0,0,-0,0,-0,0,-0,0,-0,0,-0,0,-0,0,-0,0,-0,0,-0,0,-0,0,-0,0,-0,0,-0,0,-0,0,-0,0,-0,0,-0,0,-0,0,-0,0,0,0
0,-0,2,-2,0,-0,0,-0,0,-0,0,-0,0,-0,0,-0,0,-0,0,-0,0,-0,0,-0,0,-0,0,-0,0,-0,0,-0,0,-0,0,-0,0,-0,0,-0,0,-0,0,-0,0,-0,0,-0,0,-0,0,-0,0,-0,0,-0,0,-0,0,-0,0,-0,0,-0,0,-0,0,-0,0,-0,0,-0,0,-0,0,-0,0,-0,0,-0,0,-0,0,-0,0,-0,0,-0,0,-0,0,-0,0,-0,0,-0,0,-0,0,-0,0,-0,0,-0,0,-0,0,-0,0,-0,0,-0,0,-0,0,-0,0,-0,0,-0,0,-0,0,-0,0,-0,0,-0,0,-0,0,-0,0,-0,0,-0,0,-0,0,-0,0,-0,0,-0,0,-0,0,-0,0,-0,0,-0,0,-0,0,-0,0,-0,0,-0,0,-0,0,-0,0,-0,0,-0,0,-0,0,-0,0,-0,0,-0,0,-0,0,-0,0,-0,0,-0,0,-0,0,-0,0,-0,0,-0,0,-0,0,-0,0,-0,0,0
-0,0,-2,2,-0,0,-0,0,-0,0,-0,0,-0,0,-0,0,-0,0,-0,0,-0,0,-0,0,-0,0,-0,0,-0,0,-0,0,-0,0,-0,0,-0,0,-0,0,-0,0,-0,0,-0,0,-0,0,-0,0,-0,0,-0,0,-0,0,-0,0,-0,0,-0,0,-0,0,-0,0,-0,0,-0,0,-0,0,-0,0,-0,0,-0,0,-0,0,-0,0,-0,0,-0,0,-0,0,-0,0,-0,0,-0,0,-0,0,-0,0,-0,0,-0,0,-0,0,-0,0,-0,0,-0,0,-0,0,-0,0,-0,0,-0,0,-0,0,-0,0,-0,0,-0,0,-0,0,-0,0,-0,0,-0,0,-0,0,-0,0,-0,0,-0,0,-0,0,-0,0,-0,0,-0,0,-0,0,-0,0,-0,0,-0,0,-0,0,-0,0,-0,0,-0,0,-0,0,-0,0,-0,0,-0,0,-0,0,-0,0,-0,0,-0,0,-0,0,-0,0,-0,0,-0,0,-0,0,-0,0,-0,0,-0,0,0,0
0,-0,0,-0,2,-2,0,-0,0,-0,0,-0,0,-0,0,-0,0,-0,0,-0,0,-0,0,-0,0,-0,0,-0,0,-0,0,-0,0,-0,0,-0,0,-0,0,-0,0,-0,0,-0,0,-0,0,-0,0,-0,0,-0,0,-0,0,-0,0,-0,0,-0,0,-0,0,-0,0,-0,0,-0,0,-0,0,-0,0,-0,0,-0,0,-0,0,-0,0,-0,0,-0,0,-0,0,-0,0,-0,0,-0,0,-0,0,-0,0,-0,0,-0,0,-0,0,-0,0,-0,0,-0,0,-0,0,-0,0,-0,0,-0,0,-0,0,-0,0,-0,0,-0,0,-0,0,-0,0,-0,0,-0,0,-0,0,-0,0,-0,0,-0,0,-0,0,-0,0,-0,0,-0,0,-0,0,-0,0,-0,0,-0,0,-0,0,-0,0,-0,0,-0,0,-0,0,-0,0,-0,0,-0,0,-0,0,-0,0,-0,0,-0,0,-0,0,-0,0,-0,0,-0,0,-0,0,-0,0,-0,0,-0,0,-0,0,0
-0,0,-0,0,-2,2,-0,0,-0,0,-0,0,-0,0,-0,0,-0,0,-0,0,-0,0,-0,0,-0,0,-0,0,-0,0,-0,0,-0,0,-0,0,-0,0,-0,0,-0,0,-0,0,-0,0,-0,0,-0,0,-0,0,-0,0,-0,0,-0,0,-0,0,-0,0,-0,0,-0,0,-0,0,-0,0,-0,0,-0,0,-0,0,-0,0,-0,0,-0,0,-0,0,-0,0,-0,0,-0,0,-0,0,-0,0,-0,0,-0,0,-0,0,-0,0,-0,0,-0,0,-0,0,-0,0,-0,0,-0,0,-0,0,-0,0,-0,0,-0,0,-0,0,-0,0,-0,0,-0,0,-0,0,-0,0,-0,0,-0,0,-0,0,-0,0,-0,0,-0,0,-0,0,-0,0,-0,0,-0,0,-0,0,-0,0,-0,0,-0,0,-0,0,-0,0,-0,0,-0,0,-0,0,-0,0,-0,0,-0,0,-0,0,-0,0,-0,0,-0,0,-0,0,-0,0,-0,0,-0,0,-0,0,-0,0,0,0
0,-0,0,-0,0,-0,2,-2,0,-0,0,-0,0,-0,0,-0,0,-0,0,-0,0,-0,0,-0,0,-0,0,-0,0,-0,0,-0,0,-0,0,-0,0,-0,0,-0,0,-0,0,-0,0,-0,0,-0,0,-0,0,-0,0,-0,0,-0,0,-0,0,-0,0,-0,0,-0,0,-0,0,-0,0,-0,0,-0,0,-0,0,-0,0,-0,0,-0,0,-0,0,-0,0,-0,0,-0,0,-0,0,-0,0,-0,0,-0,0,-0,0,-0,0,-0,0,-0,0,-0,0,-0,0,-0,0,-0,0,-0,0,-0,0,-0,0,-0,0,-0,0,-0,0,-0,0,-0,0,-0,0,-0,0,-0,0,-0,0,-0,0,-0,0,-0,0,-0,0,-0,0,-0,0,-0,0,-0,0,-0,0,-0,0,-0,0,-0,0,-0,0,-0,0,-0,0,-0,0,-0,0,-0,0,-0,0,-0,0,-0,0,-0,0,-0,0,-0,0,-0,0,-0,0,-0,0,-0,0,-0,0,-0,0,-0,0,0
-0,0,-0,0,-0,0,-2,2,-0,0,-0,0,-0,0,-0,0,-0,0,-0,0,-0,0,-0,0,-0,0,-0,0,-0,0,-0,0,-0,0,-0,0,-0,0,-0,0,-0,0,-0,0,-0,0,-0,0,-0,0,-0,0,-0,0,-0,0,-0,0,-0,0,-0,0,-0,0,-0,0,-0,0,-0,0,-0,0,-0,0,-0,0,-0,0,-0,0,-0,0,-0,0,-0,0,-0,0,-0,0,-0,0,-0,0,-0,0,-0,0,-0,0,-0,0,-0,0,-0,0,-0,0,-0,0,-0,0,-0,0,-0,0,-0,0,-0,0,-0,0,-0,0,-0,0,-0,0,-0,0,-0,0,-0,0,-0,0,-0,0,-0,0,-0,0,-0,0,-0,0,-0,0,-0,0,-0,0,-0,0,-0,0,-0,0,-0,0,-0,0,-0,0,-0,0,-0,0,-0,0,-0,0,-0,0,-0,0,-0,0,-0,0,-0,0,-0,0,-0,0,-0,0,-0,0,-0,0,-0,0,-0,0,-0,0,0,0
0,-0,0,-0,0,-0,0,-0,2,-2,0,-0,0,-0,0,-0,0,-0,0,-0,0,-0,0,-0,0,-0,0,-0,0,-0,0,-0,0,-0,0,-0,0,-0,0,-0,0,-0,0,-0,0,-0,0,-0,0,-0,0,-0,0,-0,0,-0,0,-0,0,-0,0,-0,0,-0,0,-0,0,-0,0,-0,0,-0,0,-0,0,-0,0,-0,0,-0,0,-0,0,-0,0,-0,0,-0,0,-0,0,-0,0,-0,0,-0,0,-0,0,-0,0,-0,0,-0,0,-0,0,-0,0,-0,0,-0,0,-0,0,-0,0,-0,0,-0,0,-0,0,-0,0,-0,0,-0,0,-0,0,-0,0,-0,0,-0,0,-0,0,-0,0,-0,0,-0,0,-0,0,-0,0,-0,0,-0,0,-0,0,-0,0,-0,0,-0,0,-0,0,-0,0,-0,0,-0,0,-0,0,-0,0,-0,0,-0,0,-0,0,-0,0,-0,0,-0,0,-0,0,-0,0,-0,0,-0,0,-0,0,-0,0,-0,0,0
-0,0,-0,0,-0,0,-0,0,-2,2,-0,0,-0,0,-0,0,-0,0,-0,0,-0,0,-0,0,-0,0,-0,0,-0,0,-0,0,-0,0,-0,0,-0,0,-0,0,-0,0,-0,0,-0,0,-0,0,-0,0,-0,0,-0,0,-0,0,-0,0,-0,0,-0,0,-0,0,-0,0,-0,0,-0,0,-0,0,-0,0,-0,0,-0,0,-0,0,-0,0,-0,0,-0,0,-0,0,-0,0,-0,0,-0,0,-0,0,-0,0,-0,0,-0,0,-0,0,-0,0,-0,0,-0,0,-0,0,-0,0,-0,0,-0,0,-0,0,-0,0,-0,0,-0,0,-0,0,-0,0,-0,0,-0,0,-0,0,-0,0,-0,0,-0,0,-0,0,-0,0,-0,0,-0,0,-0,0,-0,0,-0,0,-0,0,-0,0,-0,0,-0,0,-0,0,-0,0,-0,0,-0,0,-0,0,-0,0,-0,0,-0,0,-0,0,-0,0,-0,0,-0,0,-0,0,-0,0,-0,0,-0,0,-0,0,0,0
0,-0,0,-0,0,-0,0,-0,0,-0,2,-2,0,-0,0,-0,0,-0,0,-0,0,-0,0,-0,0,-0,0,-0,0,-0,0,-0,0,-0,0,-0,0,-0,0,-0,0,-0,0,-0,0,-0,0,-0,0,-0,0,-0,0,-0,0,-0,0,-0,0,-0,0,-0,0,-0,0,-0,0,-0,0,-0,0,-0,0,-0,0,-0,0,-0,0,-0,0,-0,0,-0,0,-0,0,-0,0,-0,0,-0,0,-0,0,-0,0,-0,0,-0,0,-0,0,-0,0,-0,0,-0,0,-0,0,-0,0,-0,0,-0,0,-0,0,-0,0,-0,0,-0,0,-0,0,-0,0,-0,0,-0,0,-0,0,-0,0,-0,0,-0,0,-0,0,-0,0,-0,0,-0,0,-0,0,-0,0,-0,0,-0,0,-0,0,-0,0,-0,0,-0,0,-0,0,-0,0,-0,0,-0,0,-0,0,-0,0,-0,0,-0,0,-0,0,-0,0,-0,0,-0,0,-0,0,-0,0,-0,0,-0,0,-0,0,0
-0,0,-0,0,-0,0,-0,0,-0,0,-2,2,-0,0,-0,0,-0,0,-0,0,-0,0,-0,0,-0,0,-0,0,-0,0,-0,0,-0,0,-0,0,-0,0,-0,0,-0,0,-0,0,-0,0,-0,0,-0,0,-0,0,-0,0,-0,0,-0,0,-0,0,-0,0,-0,0,-0,0,-0,0,-0,0,-0,0,-0,0,-0,0,-0,0,-0,0,-0,0,-0,0,-0,0,-0,0,-0,0,-0,0,-0,0,-0,0,-0,0,-0,0,-0,0,-0,0,-0,0,-0,0,-0,0,-0,0,-0,0,-0,0,-0,0,-0,0,-0,0,-0,0,-0,0,-0,0,-0,0,-0,0,-0,0,-0,0,-0,0,-0,0,-0,0,-0,0,-0,0,-0,0,-0,0,-0,0,-0,0,-0,0,-0,0,-0,0,-0,0,-0,0,-0,0,-0,0,-0,0,-0,0,-0,0,-0,0,-0,0,-0,0,-0,0,-0,0,-0,0,-0,0,-0,0,-0,0,-0,0,-0,0,-0,0,0,0
0,-0,0,-0,0,-0,0,-0,0,-0,0,-0,2,-2,0,-0,0,-0,0,-0,0,-0,0,-0,0,-0,0,-0,0,-0,0,-0,0,-0,0,-0,0,-0,0,-0,0,-0,0,-0,0,-0,0,-0,0,-0,0,-0,0,-0,0,-0,0,-0,0,-0,0,-0,0,-0,0,-0,0,-0,0,-0,0,-0,0,-0,0,-0,0,-0,0,-0,0,-0,0,-0,0,-0,0,-0,0,-0,0,-0,0,-0,0,-0,0,-0,0,-0,0,-0,0,-0,0,-0,0,-0,0,-0,0,-0,0,-0,0,-0,0,-0,0,-0,0,-0,0,-0,0,-0,0,-0,0,-0,0,-0,0,-0,0,-0,0,-0,0,-0,0,-0,0,-0,0,-0,0,-0,0,-0,0,-0,0,-0,0,-0,0,-0,0,-0,0,-0,0,-0,0,-0,0,-0,0,-0,0,-0,0,-0,0,-0,0,-0,0,-0,0,-0,0,-0,0,-0,0,-0,0,-0,0,-0,0,-0,0,-0,0,-0,0,0
-0,0,-0,0,-0,0,-0,0,-0,0,-0,0,-2,2,-0,0,-0,0,-0,0,-0,0,-0,0,-0,0,-0,0,-0,0,-0,0,-0,0,-0,0,-0,0,-0,0,-0,0,-0,0,-0,0,-0,0,-0,0,-0,0,-0,0,-0,0,-0,0,-0,0,-0,0,-0,0,-0,0,-0,0,-0,0,-0,0,-0,0,-0,0,-0,0,-0,0,-0,0,-0,0,-0,0,-0,0,-0,0,-0,0,-0,0,-0,0,-0,0,-0,0,-0,0,-0,0,-0,0,-0,0,-0,0,-0,0,-0,0,-0,0,-0,0,-0,0,-0,0,-0,0,-0,0,-0,0,-0,0,-0,0,-0,0,-0,0,-0,0,-0,0,-0,0,-0,0,-0,0,-0,0,-0,0,-0,0,-0,0,-0,0,-0,0,-0,0,-0,0,-0,0,-0,0,-0,0,-0,0,-0,0,-0,0,-0,0,-0,0,-0,0,-0,0,-0,0,-0,0,-0,0,-0,0,-0,0,-0,0,-0,0,-0,0,0,0
0,-0,0,-0,0,-0,0,-0,0,-0,0,-0,0,-0,2,-2,0,-0,0,-0,0,-0,0,-0,0,-0,0,-0,0,-0,0,-0,0,-0,0,-0,0,-0,0,-0,0,-0,0,-0,0,-0,0,-0,0,-0,0,-0,0,-0,0,-0,0,-0,0,-0,0,-0,0,-0,0,-0,0,-0,0,-0,0,-0,0,-0,0,-0,0,-0,0,-0,0,-0,0,-0,0,-0,0,-0,0,-0,0,-0,0,-0,0,-0,0,-0,0,-0,0,-0,0,-0,0,-0,0,-0,0,-0,0,-0,0,-0,0,-0,0,-0,0,-0,0,-0,0,-0,0,-0,0,-0,0,-0,0,-0,0,-0,0,-0,0,-0,0,-0,0,-0,0,-0,0,-0,0,-0,0,-0,0,-0,0,-0,0,-0,0,-0,0,-0,0,-0,0,-0,0,-0,0,-0,0,-0,0,-0,0,-0,0,-0,0,-0,0,-0,0,-0,0,-0,0,-0,0,-0,0,-0,0,-0,0,-0,0,-0,0,-0,0,0
-0,0,-0,0,-0,0,-0,0,-0,0,-0,0,-0,0,-2,2,-0,0,-0,0,-0,0,-0,0,-0,0,-0,0,-0,0,-0,0,-0,0,-0,0,-0,0,-0,0,-0,0,-0,0,-0,0,-0,0,-0,0,-0,0,-0,0,-0,0,-0,0,-0,0,-0,0,-0,0,-0,0,-0,0,-0,0,-0,0,-0,0,-0,0,-0,0,-0,0,-0,0,-0,0,-0,0,-0,0,-0,0,-0,0,-0,0,-0,0,-0,0,-0,0,-0,0,-0,0,-0,0,-0,0,-0,0,-0,0,-0,0,-0,0,-0,0,-0,0,-0,0,-0,0,-0,0,-0,0,-0,0,-0,0,-0,0,-0,0,-0,0,-0,0,-0,0,-0,0,-0,0,-0,0,-0,0,-0,0,-0,0,-0,0,-0,0,-0,0,-0,0,-0,0,-0,0,-0,0,-0,0,-0,0,-0,0,-0,0,-0,0,-0,0,-0,0,-0,0,-0,0,-0,0,-0,0,-0,0,-0,0,-0,0,-0,0,0,0
0,-0,0,-0,0,-0,0,-0,0,-0,0,-0,0,-0,0,-0,2,-2,0,-0,0,-0,0,-0,0,-0,0,-0,0,-0,0,-0,0,-0,0,-0,0,-0,0,-0,0,-0,0,-0,0,-0,0,-0,0,-0,0,-0,0,-0,0,-0,0,-0,0,-0,0,-0,0,-0,0,-0,0,-0,0,-0,0,-0,0,-0,0,-0,0,-0,0,-0,0,-0,0,-0,0,-0,0,-0,0,-0,0,-0,0,-0,0,-0,0,-0,0,-0,0,-0,0,-0,0,-0,0,-0,0,-0,0,-0,0,-0,0,-0,0,-0,0,-0,0,-0,0,-0,0,-0,0,-0,0,-0,0,-0,0,-0,0,-0,0,-0,0,-0,0,-0,0,-0,0,-0,0,-0,0,-0,0,-0,0,-0,0,-0,0,-0,0,-0,0,-0,0,-0,0,-0,0,-0,0,-0,0,-0,0,-0,0,-0,0,-0,0,-0,0,-0,0,-0,0,-0,0,-0,0,-0,0,-0,0,-0,0,-0,0,-0,0,0
-0,0,-0,0,-0,0,-0,0,-0,0,-0,0,-0,0,-0,0,-2,2,-0,0,-0,0,-0,0,-0,0,-0,0,-0,0,-0,0,-0,0,-0,0,-0,0,-0,0,-0,0,-0,0,-0,0,-0,0,-0,0,-0,0,-0,0,-0,0,-0,0,-0,0,-0,0,-0,0,-0,0,-0,0,-0,0,-0,0,-0,0,-0,0,-0,0,-0,0,-0,0,-0,0,-0,0,-0,0,-0,0,-0,0,-0,0,-0,0,-0,0,-0,0,-0,0,-0,0,-0,0,-0,0,-0,0,-0,0,-0,0,-0,0,-0,0,-0,0,-0,0,-0,0,-0,0,-0,0,-0,0,-0,0,-0,0,-0,0,-0,0,-0,0,-0,0,-0,0,-0,0,-0,0,-0,0,-0,0,-0,0,-0,0,-0,0,-0,0,-0,0,-0,0,-0,0,-0,0,-0,0,-0,0,-0,0,-0,0,-0,0,-0,0,-0,0,-0,0,-0,0,-0,0,-0,0,-0,0,-0,0,-0,0,-0,0,0,0
0,-0,0,-0,0,-0,0,-0,0,-0,0,-0,0,-0,0,-0,0,-0,2,-2,0,-0,0,-0,0,-0,0,-0,0,-0,0,-0,0,-0,0,-0,0,-0,0,-0,0,-0,0,-0,0,-0,0,-0,0,-0,0,-0,0,-0,0,-0,0,-0,0,-0,0,-0,0,-0,0,-0,0,-0,0,-0,0,-0,0,-0,0,-0,0,-0,0,-0,0,-0,0,-0,0,-0,0,-0,0,-0,0,-0,0,-0,0,-0,0,-0,0,-0,0,-0,0,-0,0,-0,0,-0,0,-0,0,-0,0,-0,0,-0,0,-0,0,-0,0,-0,0,-0,0,-0,0,-0,0,-0,0,-0,0,-0,0,-0,0,-0,0,-0,0,-0,0,-0,0,-0,0,-0,0,-0,0,-0,0,-0,0,-0,0,-0,0,-0,0,-0,0,-0,0,-0,0,-0,0,-0,0,-0,0,-0,0,-0,0,-0,0,-0,0,-0,0,-0,0,-0,0,-0,0,-0,0,-0,0,-0,0,-0,0,-0,0,0
-0,0,-0,0,-0,0,-0,0,-0,0,-0,0,-0,0,-0,0,-0,0,-2,2,-0,0,-0,0,-0,0,-0,0,-0,0,-0,0,-0,0,-0,0,-0,0,-0,0,-0,0,-0,0,-0,0,-0,0,-0,0,-0,0,-0,0,-0,0,-0,0,-0,0,-0,0,-0,0,-0,0,-0,0,-0,0,-0,0,-0,0,-0,0,-0,0,-0,0,-0,0,-0,0,-0,0,-0,0,-0,0,-0,0,-0,0,-0,0,-0,0,-0,0,-0,0,-0,0,-0,0,-0,0,-0,0,-0,0,-0,0,-0,0,-0,0,-0,0,-0,0,-0,0,-0,0,-0,0,-0,0,-0,0,-0,0,-0,0,-0,0,-0,0,-0,0,-0,0,-0,0,-0,0,-0,0,-0,0,-0,0,-0,0,-0,0,-0,0,-0,0,-0,0,-0,0,-0,0,-0,0,-0,0,-0,0,-0,0,-0,0,-0,0,-0,0,-0,0,-0,0,-0,0,-0,0,-0,0,-0,0,-0,0,-0,0,0,0
0,-0,0,-0,0,-0,0,-0,0,-0,0,-0,0,-0,0,-0,0,-0,0,-0,2,-2,0,-0,0,-0,0,-0,0,-0,0,-0,0,-0,0,-0,0,-0,0,-0,0,-0,0,-0,0,-0,0,-0,0,-0,0,-0,0,-0,0,-0,0,-0,0,-0,0,-0,0,-0,0,-0,0,-0,0,-0,0,-0,0,-0,0,-0,0,-0,0,-0,0,-0,0,-0,0,-0,0,-0,0,-0,0,-0,0,-0,0,-0,0,-0,0,-0,0,-0,0,-0,0,-0,0,-0,0,-0,0,-0,0,-0,0,-0,0,-0,0,-0,0,-0,0,-0,0,-0,0,-0,0,-0,0,-0,0,-0,0,-0,0,-0,0,-0,0,-0,0,-0,0,-0,0,-0,0,-0,0,-0,0,-0,0,-0,0,-0,0,-0,0,-0,0,-0,0,-0,0,-0,0,-0,0,-0,0,-0,0,-0,0,-0,0,-0,0,-0,0,-0,0,-0,0,-0,0,-0,0,-0,0,-0,0,-0,0,-0,0,0
-0,0,-0,0,-0,0,-0,0,-0,0,-0,0,-0,0,-0,0,-0,0,-0,0,-2,2,-0,0,-0,0,-0,0,-0,0,-0,0,-0,0,-0,0,-0,0,-0,0,-0,0,-0,0,-0,0,-0,0,-0,0,-0,0,-0,0,-0,0,-0,0,-0,0,-0,0,-0,0,-0,0,-0,0,-0,0,-0,0,-0,0,-0,0,-0,0,-0,0,-0,0,-0,0,-0,0,-0,0,-0,0,-0,0,-0,0,-0,0,-0,0,-0,0,-0,0,-0,0,-0,0,-0,0,-0,0,-0,0,-0,0,-0,0,-0,0,-0,0,-0,0,-0,0,-0,0,-0,0,-0,0,-0,0,-0,0,-0,0,-0,0,-0,0,-0,0,-0,0,-0,0,-0,0,-0,0,-0,0,-0,0,-0,0,-0,0,-0,0,-0,0,-0,0,-0,0,-0,0,-0,0,-0,0,-0,0,-0,0,-0,0,-0,0,-0,0,-0,0,-0,0,-0,0,-0,0,-0,0,-0,0,-0,0,-0,0,0,0
0,-0,0,-0,0,-0,0,-0,0,-0,0,-0,0,-0,0,-0,0,-0,0,-0,0,-0,2,-2,0,-0,0,-0,0,-0,0,-0,0,-0,0,-0,0,-0,0,-0,0,-0,0,-0,0,-0,0,-0,0,-0,0,-0,0,-0,0,-0,0,-0,0,-0,0,-0,0,-0,0,-0,0,-0,0,-0,0,-0,0,-0,0,-0,0,-0,0,-0,0,-0,0,-0,0,-0,0,-0,0,-0,0,-0,0,-0,0,-0,0,-0,0,-0,0,-0,0,-0,0,-0,0,-0,0,-0,0,-0,0,-0,0,-0,0,-0,0,-0,0,-0,0,-0,0,-0,0,-0,0,-0,0,-0,0,-0,0,-0,0,-0,0,-0,0,-0,0,-0,0,-0,0,-0,0,-0,0,-0,0,-0,0,-0,0,-0,0,-0,0,-0,0,-0,0,-0,0,-0,0,-0,0,-0,0,-0,0,-0,0,-0,0,-0,0,-0,0,-0,0,-0,0,-0,0,-0,0,-0,0,-0,0,-0,0,-0,0,0
-0,0,-0,0,-0,0,-0,0,-0,0,-0,0,-0,0,-0,0,-0,0,-0,0,-0,0,-2,2,-0,0,-0,0,-0,0,-0,0,-0,0,-0,0,-0,0,-0,0,-0,0,-0,0,-0,0,-0,0,-0,0,-0,0,-0,0,-0,0,-0,0,-0,0,-0,0,-0,0,-0,0,-0,0,-0,0,-0,0,-0,0,-0,0,-0,0,-0,0,-0,0,-0,0,-0,0,-0,0,-0,0,-0,0,-0,0,-0,0,-0,0,-0,0,-0,0,-0,0,-0,0,-0,0,-0,0,-0,0,-0,0,-0,0,-0,0,-0,0,-0,0,-0,0,-0,0,-0,0,-0,0,-0,0,-0,0,-0,0,-0,0,-0,0,-0,0,-0,0,-0,0,-0,0,-0,0,-0,0,-0,0,-0,0,-0,0,-0,0,-0,0,-0,0,-0,0,-0,0,-0,0,-0,0,-0,0,-0,0,-0,0,-0,0,-0,0,-0,0,-0,0,-0,0,-0,0,-0,0,-0,0,-0,0,-0,0,0,0
0,-0,0,-0,0,-0,0,-0,0,-0,0,-0,0,-0,0,-0,0,-0,0,-0,0,-0,0,-0,2,-2,0,-0,0,-0,0,-0,0,-0,0,-0,0,-0,0,-0,0,-0,0,-0,0,-0,0,-0,0,-0,0,-0,0,-0,0,-0,0,-0,0,-0,0,-0,0,-0,0,-0,0,-0,0,-0,0,-0,0,-0,0,-0,0,-0,0,-0,0,-0,0,-0,0,-0,0,-0,0,-0,0,-0,0,-0,0,-0,0,-0,0,-0,0,-0,0,-0,0,-0,0,-0,0,-0,0,-0,0,-0,0,-0,0,-0,0,-0,0,-0,0,-0,0,-0,0,-0,0,-0,0,-0,0,-0,0,-0,0,-0,0,-0,0,-0,0,-0,0,-0,0,-0,0,-0,0,-0,0,-0,0,-0,0,-0,0,-0,0,-0,0,-0,0,-0,0,-0,0,-0,0,-0,0,-0,0,-0,0,-0,0,-0,0,-0,0,-0,0,-0,0,-0,0,-0,0,-0,0,-0,0,-0,0,-0,0,0
-0,0,-0,0,-0,0,-0,0,-0,0,-0,0,-0,0,-0,0,-0,0,-0,0,-0,0,-0,0,-2,2,-0,0,-0,0,-0,0,-0,0,-0,0,-0,0,-0,0,-0,0,-0,0,-0,0,-0,0,-0,0,-0,0,-0,0,-0,0,-0,0,-0,0,-0,0,-0,0,-0,0,-0,0,-0,0,-0,0,-0,0,-0,0,-0,0,-0,0,-0,0,-0,0,-0,0,-0,0,-0,0,-0,0,-0,0,-0,0,-0,0,-0,0,-0,0,-0,0,-0,0,-0,0,-0,0,-0,0,-0,0,-0,0,-0,0,-0,0,-0,0,-0,0,-0,0,-0,0,-0,0,-0,0,-0,0,-0,0,-0,0,-0,0,-0,0,-0,0,-0,0,-0,0,-0,0,-0,0,-0,0,-0,0,-0,0,-0,0,-0,0,-0,0,-0,0,-0,0,-0,0,-0,0,-0,0,-0,0,-0,0,-0,0,-0,0,-0,0,-0,0,-0,0,-0,0,-0,0,-0,0,-0,0,-0,0,0,0
0,-0,0,-0,0,-0,0,-0,0,-0,0,-0,0,-0,0,-0,0,-0,0,-0,0,-0,0,-0,0,-0,2,-2,0,-0,0,-0,0,-0,0,-0,0,-0,0,-0,0,-0,0,-0,0,-0,0,-0,0,-0,0,-0,0,-0,0,-0,0,-0,0,-0,0,-0,0,-0,0,-0,0,-0,0,-0,0,-0,0,-0,0,-0,0,-0,0,-0,0,-0,0,-0,0,-0,0,-0,0,-0,0,-0,0,-0,0,-0,0,-0,0,-0,0,-0,0,-0,0,-0,0,-0,0,-0,0,-0,0,-0,0,-0,0,-0,0,-0,0,-0,0,-0,0,-0,0,-0,0,-0,0,-0,0,-0,0,-0,0,-0,0,-0,0,-0,0,-0,0,-0,0,-0,0,-0,0,-0,0,-0,0,-0,0,-0,0,-0,0,-0,0,-0,0,-0,0,-0,0,-0,0,-0,0,-0,0,-0,0,-0,0,-0,0,-0,0,-0,0,-0,0,-0,0,-0,0,-0,0,-0,0,-0,0,-0,0,0
-0,0,-0,0,-0,0,-0,0,-0,0,-0,0,-0,0,-0,0,-0,0,-0,0,-0,0,-0,0,-0,0,-2,2,-0,0,-0,0,-0,0,-0,0,-0,0,-0,0,-0,0,-0,0,-0,0,-0,0,-0,0,-0,0,-0,0,-0,0,-0,0,-0,0,-0,0,-0,0,-0,0,-0,0,-0,0,-0,0,-0,0,-0,0,-0,0,-0,0,-0,0,-0,0,-0,0,-0,0,-0,0,-0,0,-0,0,-0,0,-0,0,-0,0,-0,0,-0,0,-0,0,-0,0,-0,0,-0,0,-0,0,-0,0,-0,0,-0,0,-0,0,-0,0,-0,0,-0,0,-0,0,-0,0,-0,0,-0,0,-0,0,-0,0,-0,0,-0,0,-0,0,-0,0,-0,0,-0,0,-0,0,-0,0,-0,0,-0,0,-0,0,-0,0,-0,0,-0,0,-0,0,-0,0,-0,0,-0,0,-0,0,-0,0,-0,0,-0,0,-0,0,-0,0,-0,0,-0,0,-0,0,-0,0,-0,0,0,0
0,-0,0,-0,0,-0,0,-0,0,-0,0,-0,0,-0,0,-0,0,-0,0,-0,0,-0,0,-0,0,-0,0,-0,2,-2,0,-0,0,-0,0,-0,0,-0,0,-0,0,-0,0,-0,0,-0,0,-0,0,-0,0,-0,0,-0,0,-0,0,-0,0,-0,0,-0,0,-0,0,-0,0,-0,0,-0,0,-0,0,-0,0,-0,0,-0,0,-0,0,-0,0,-0,0,-0,0,-0,0,-0,0,-0,0,-0,0,-0,0,-0,0,-0,0,-0,0,-0,0,-0,0,-0,0,-0,0,-0,0,-0,0,-0,0,-0,0,-0,0,-0,0,-0,0,-0,0,-0,0,-0,0,-0,0,-0,0,-0,0,-0,0,-0,0,-0,0,-0,0,-0,0,-0,0,-0,0,-0,0,-0,0,-0,0,-0,0,-0,0,-0,0,-0,0,-0,0,-0,0,-0,0,-0,0,-0,0,-0,0,-0,0,-0,0,-0,0,-0,0,-0,0,-0,0,-0,0,-0,0,-0,0,-0,0,-0,0,0
-0,0,-0,0,-0,0,-0,0,-0,0,-0,0,-0,0,-0,0,-0,0,-0,0,-0,0,-0,0,-0,0,-0,0,-2,2,-0,0,-0,0,-0,0,-0,0,-0,0,-0,0,-0,0,-0,0,-0,0,-0,0,-0,0,-0,0,-0,0,-0,0,-0,0,-0,0,-0,0,-0,0,-0,0,-0,0,-0,0,-0,0,-0,0,-0,0,-0,0,-0,0,-0,0,-0,0,-0,0,-0,0,-0,0,-0,0,-0,0,-0,0,-0,0,-0,0,-0,0,-0,0,-0,0,-0,0,-0,0,-0,0,-0,0,-0,0,-0,0,-0,0,-0,0,-0,0,-0,0,-0,0,-0,0,-0,0,-0,0,-0,0,-0,0,-0,0,-0,0,-0,0,-0,0,-0,0,-0,0,-0,0,-0,0,-0,0,-0,0,-0,0,-0,0,-0,0,-0,0,-0,0,-0,0,-0,0,-0,0,-0,0,-0,0,-0,0,-0,0,-0,0,-0,0,-0,0,-0,0,-0,0,-0,0,-0,0,0,0
0,-0,0,-0,0,-0,0,-0,0,-0,0,-0,0,-0,0,-0,0,-0,0,-0,0,-0,0,-0,0,-0,0,-0,0,-0,2,-2,0,-0,0,-0,0,-0,0,-0,0,-0,0,-0,0,-0,0,-0,0,-0,0,-0,0,-0,0,-0,0,-0,0,-0,0,-0,0,-0,0,-0,0,-0,0,-0,0,-0,0,-0,0,-0,0,-0,0,-0,0,-0,0,-0,0,-0,0,-0,0,-0,0,-0,0,-0,0,-0,0,-0,0,-0,0,-0,0,-0,0,-0,0,-0,0,-0,0,-0,0,-0,0,-0,0,-0,0,-0,0,-0,0,-0,0,-0,0,-0,0,-0,0,-0,0,-0,0,-0,0,-0,0,-0,0,-0,0,-0,0,-0,0,-0,0,-0,0,-0,0,-0,0,-0,0,-0,0,-0,0,-0,0,-0,0,-0,0,-0,0,-0,0,-0,0,-0,0,-0,0,-0,0,-0,0,-0,0,-0,0,-0,0,-0,0,-0,0,-0,0,-0,0,-0,0,-0,0,0
-0,0,-0,0,-0,0,-0,0,-0,0,-0,0,-0,0,-0,0,-0,0,-0,0,-0,0,-0,0,-0,0,-0,0,-0,0,-2,2,-0,0,-0,0,-0,0,-0,0,-0,0,-0,0,-0,0,-0,0,-0,0,-0,0,-0,0,-0,0,-0,0,-0,0,-0,0,-0,0,-0,0,-0,0,-0,0,-0,0,-0,0,-0,0,-0,0,-0,0,-0,0,-0,0,-0,0,-0,0,-0,0,-0,0,-0,0,-0,0,-0,0,-0,0,-0,0,-0,0,-0,0,-0,0,-0,0,-0,0,-0,0,-0,0,-0,0,-0,0,-0,0,-0,0,-0,0,-0,0,-0,0,-0,0,-0,0,-0,0,-0,0,-0,0,-0,0,-0,0,-0,0,-0,0,-0,0,-0,0,-0,0,-0,0,-0,0,-0,0,-0,0,-0,0,-0,0,-0,0,-0,0,-0,0,-0,0,-0,0,-0,0,-0,0,-0,0,-0,0,-0,0,-0,0,-0,0,-0,0,-0,0,-0,0,-0,0,0,0
0,-0,0,-0,0,-0,0,-0,0,-0,0,-0,0,-0,0,-0,0,-0,0,-0,0,-0,0,-0,0,-0,0,-0,0,-0,0,-0,2,-2,0,-0,0,-0,0,-0,0,-0,0,-0,0,-0,0,-0,0,-0,0,-0,0,-0,0,-0,0,-0,0,-0,0,-0,0,-0,0,-0,0,-0,0,-0,0,-0,0,-0,0,-0,0,-0,0,-0,0,-0,0,-0,0,-0,0,-0,0,-0,0,-0,0,-0,0,-0,0,-0,0,-0,0,-0,0,-0,0,-0,0,-0,0,-0,0,-0,0,-0,0,-0,0,-0,0,-0,0,-0,0,-0,0,-0,0,-0,0,-0,0,-0,0,-0,0,-0,0,-0,0,-0,0,-0,0,-0,0,-0,0,-0,0,-0,0,-0,0,-0,0,-0,0,-0,0,-0,0,-0,0,-0,0,-0,0,-0,0,-0,0,-0,0,-0,0,-0,0,-0,0,-0,0,-0,0,-0,0,-0,0,-0,0,-0,0,-0,0,-0,0,-0,0,-0,0,0
-0,0,-0,0,-0,0,-0,0,-0,0,-0,0,-0,0,-0,0,-0,0,-0,0,-0,0,-0,0,-0,0,-0,0,-0,0,-0,0,-2,2,-0,0,-0,0,-0,0,-0,0,-0,0,-0,0,-0,0,-0,0,-0,0,-0,0,-0,0,-0,0,-0,0,-0,0,-0,0,-0,0,-0,0,-0,0,-0,0,-0,0,-0,0,-0,0,-0,0,-0,0,-0,0,-0,0,-0,0,-0,0,-0,0,-0,0,-0,0,-0,0,-0,0,-0,0,-0,0,-0,0,-0,0,-0,0,-0,0,-0,0,-0,0,-0,0,-0,0,-0,0,-0,0,-0,0,-0,0,-0,0,-0,0,-0,0,-0,0,-0,0,-0,0,-0,0,-0,0,-0,0,-0,0,-0,0,-0,0,-0,0,-0,0,-0,0,-0,0,-0,0,-0,0,-0,0,-0,0,-0,0,-0,0,-0,0,-0,0,-0,0,-0,0,-0,0,-0,0,-0,0,-0,0,-0,0,-0,0,-0,0,-0,0,-0,0,0,0
0,-0,0,-0,0,-0,0,-0,0,-0,0,-0,0,-0,0,-0,0,-0,0,-0,0,-0,0,-0,0,-0,0,-0,0,-0,0,-0,0,-0,2,-2,0,-0,0,-0,0,-0,0,-0,0,-0,0,-0,0,-0,0,-0,0,-0,0,-0,0,-0,0,-0,0,-0,0,-0,0,-0,0,-0,0,-0,0,-0,0,-0,0,-0,0,-0,0,-0,0,-0,0,-0,0,-0,0,-0,0,-0,0,-0,0,-0,0,-0,0,-0,0,-0,0,-0,0,-0,0,-0,0,-0,0,-0,0,-0,0,-0,0,-0,0,-0,0,-0,0,-0,0,-0,0,-0,0,-0,0,-0,0,-0,0,-0,0,-0,0,-0,0,-0,0,-0,0,-0,0,-0,0,-0,0,-0,0,-0,0,-0,0,-0,0,-0,0,-0,0,-0,0,-0,0,-0,0,-0,0,-0,0,-0,0,-0,0,-0,0,-0,0,-0,0,-0,0,-0,0,-0,0,-0,0,-0,0,-0,0,-0,0,-0,0,-0,0,0
-0,0,-0,0,-0,0,-0,0,-0,0,-0,0,-0,0,-0,0,-0,0,-0,0,-0,0,-0,0,-0,0,-0,0,-0,0,-0,0,-0,0,-2,2,-0,0,-0,0,-0,0,-0,0,-0,0,-0,0,-0,0,-0,0,-0,0,-0,0,-0,0,-0,0,-0,0,-0,0,-0,0,-0,0,-0,0,-0,0,-0,0,-0,0,-0,0,-0,0,-0,0,-0,0,-0,0,-0,0,-0,0,-0,0,-0,0,-0,0,-0,0,-0,0,-0,0,-0,0,-0,0,-0,0,-0,0,-0,0,-0,0,-0,0,-0,0,-0,0,-0,0,-0,0,-0,0,-0,0,-0,0,-0,0,-0,0,-0,0,-0,0,-0,0,-0,0,-0,0,-0,0,-0,0,-0,0,-0,0,-0,0,-0,0,-0,0,-0,0,-0,0,-0,0,-0,0,-0,0,-0,0,-0,0,-0,0,-0,0,-0,0,-0,0,-0,0,-0,0,-0,0,-0,0,-0,0,-0,0,-0,0,-0,0,-0,0,0,0
0,-0,0,-0,0,-0,0,-0,0,-0,0,-0,0,-0,0,-0,0,-0,0,-0,0,-0,0,-0,0,-0,0,-0,0,-0,0,-0,0,-0,0,-0,2,-2,0,-0,0,-0,0,-0,0,-0,0,-0,0,-0,0,-0,0,-0,0,-0,0,-0,0,-0,0,-0,0,-0,0,-0,0,-0,0,-0,0,-0,0,-0,0,-0,0,-0,0,-0,0,-0,0,-0,0,-0,0,-0,0,-0,0,-0,0,-0,0,-0,0,-0,0,-0,0,-0,0,-0,0,-0,0,-0,0,-0,0,-0,0,-0,0,-0,0,-0,0,-0,0,-0,0,-0,0,-0,0,-0,0,-0,0,-0,0,-0,0,-0,0,-0,0,-0,0,-0,0,-0,0,-0,0,-0,0,-0,0,-0,0,-0,0,-0,0,-0,0,-0,0,-0,0,-0,0,-0,0,-0,0,-0,0,-0,0,-0,0,-0,0,-0,0,-0,0,-0,0,-0,0,-0,0,-0,0,-0,0,-0,0,-0,0,-0,0,-0,0,0
-0,0,-0,0,-0,0,-0,0,-0,0,-0,0,-0,0,-0,0,-0,0,-0,0,-0,0,-0,0,-0,0,-0,0,-0,0,-0,0,-0,0,-0,0,-2,2,-0,0,-0,0,-0,0,-0,0,-0,0,-0,0,-0,0,-0,0,-0,0,-0,0,-0,0,-0,0,-0,0,-0,0,-0,0,-0,0,-0,0,-0,0,-0,0,-0,0,-0,0,-0,0,-0,0,-0,0,-0,0,-0,0,-0,0,-0,0,-0,0,-0,0,-0,0,-0,0,-0,0,-0,0,-0,0,-0,0,-0,0,-0,0,-0,0,-0,0,-0,0,-0,0,-0,0,-0,0,-0,0,-0,0,-0,0,-0,0,-0,0,-0,0,-0,0,-0,0,-0,0,-0,0,-0,0,-0,0,-0,0,-0,0,-0,0,-0,0,-0,0,-0,0,-0,0,-0,0,-0,0,-0,0,-0,0,-0,0,-0,0,-0,0,-0,0,-0,0,-0,0,-0,0,-0,0,-0,0,-0,0,-0,0,-0,0,-0,0,0,0
0,-0,0,-0,0,-0,0,-0,0,-0,0,-0,0,-0,0,-0,0,-0,0,-0,0,-0,0,-0,0,-0,0,-0,0,-0,0,-0,0,-0,0,-0,0,-0,2,-2,0,-0,0,-0,0,-0,0,-0,0,-0,0,-0,0,-0,0,-0,0,-0,0,-0,0,-0,0,-0,0,-0,0,-0,0,-0,0,-0,0,-0,0,-0,0,-0,0,-0,0,-0,0,-0,0,-0,0,-0,0,-0,0,-0,0,-0,0,-0,0,-0,0,-0,0,-0,0,-0,0,-0,0,-0,0,-0,0,-0,0,-0,0,-0,0,-0,0,-0,0,-0,0,-0,0,-0,0,-0,0,-0,0,-0,0,-0,0,-0,0,-0,0,-0,0,-0,0,-0,0,-0,0,-0,0,-0,0,-0,0,-0,0,-0,0,-0,0,-0,0,-0,0,-0,0,-0,0,-0,0,-0,0,-0,0,-0,0,-0,0,-0,0,-0,0,-0,0,-0,0,-0,0,-0,0,-0,0,-0,0,-0,0,-0,0,-0,0,0
-0,0,-0,0,-0,0,-0,0,-0,0,-0,0,-0,0,-0,0,-0,0,-0,0,-0,0,-0,0,-0,0,-0,0,-0,0,-0,0,-0,0,-0,0,-0,0,-2,2,-0,0,-0,0,-0,0,-0,0,-0,0,-0,0,-0,0,-0,0,-0,0,-0,0,-0,0,-0,0,-0,0,-0,0,-0,0,-0,0,-0,0,-0,0,-0,0,-0,0,-0,0,-0,0,-0,0,-0,0,-0,0,-0,0,-0,0,-0,0,-0,0,-0,0,-0,0,-0,0,-0,0,-0,0,-0,0,-0,0,-0,0,-0,0,-0,0,-0,0,-0,0,-0,0,-0,0,-0,0,-0,0,-0,0,-0,0,-0,0,-0,0,-0,0,-0,0,-0,0,-0,0,-0,0,-0,0,-0,0,-0,0,-0,0,-0,0,-0,0,-0,0,-0,0,-0,0,-0,0,-0,0,-0,0,-0,0,-0,0,-0,0,-0,0,-0,0,-0,0,-0,0,-0,0,-0,0,-0,0,-0,0,-0,0,-0,0,0,0
0,-0,0,-0,0,-0,0,-0,0,-0,0,-0,0,-0,0,-0,0,-0,0,-0,0,-0,0,-0,0,-0,0,-0,0,-0,0,-0,0,-0,0,-0,0,-0,0,-0,2,-2,0,-0,0,-0,0,-0,0,-0,0,-0,0,-0,0,-0,0,-0,0,-0,0,-0,0,-0,0,-0,0,-0,0,-0,0,-0,0,-0,0,-0,0,-0,0,-0,0,-0,0,-0,0,-0,0,-0,0,-0,0,-0,0,-0,0,-0,0,-0,0,-0,0,-0,0,-0,0,-0,0,-0,0,-0,0,-0,0,-0,0,-0,0,-0,0,-0,0,-0,0,-0,0,-0,0,-0,0,-0,0,-0,0,-0,0,-0,0,-0,0,-0,0,-0,0,-0,0,-0,0,-0,0,-0,0,-0,0,-0,0,-0,0,-0,0,-0,0,-0,0,-0,0,-0,0,-0,0,-0,0,-0,0,-0,0,-0,0,-0,0,-0,0,-0,0,-0,0,-0,0,-0,0,-0,0,-0,0,-0,0,-0,0,-0,0,0
-0,0,-0,0,-0,0,-0,0,-0,0,-0,0,-0,0,-0,0,-0,0,-0,0,-0,0,-0,0,-0,0,-0,0,-0,0,-0,0,-0,0,-0,0,-0,0,-0,0,-2,2,-0,0,-0,0,-0,0,-0,0,-0,0,-0,0,-0,0,-0,0,-0,0,-0,0,-0,0,-0,0,-0,0,-0,0,-0,0,-0,0,-0,0,-0,0,-0,0,-0,0,-0,0,-0,0,-0,0,-0,0,-0,0,-0,0,-0,0,-0,0,-0,0,-0,0,-0,0,-0,0,-0,0,-0,0,-0,0,-0,0,-0,0,-0,0,-0,0,-0,0,-0,0,-0,0,-0,0,-0,0,-0,0,-0,0,-0,0,-0,0,-0,0,-0,0,-0,0,-0,0,-0,0,-0,0,-0,0,-0,0,-0,0,-0,0,-0,0,-0,0,-0,0,-0,0,-0,0,-0,0,-0,0,-0,0,-0,0,-0,0,-0,0,-0,0,-0,0,-0,0,-0,0,-0,0,-0,0,-0,0,-0,0,-0,0,0,0
0,-0,0,-0,0,-0,0,-0,0,-0,0,-0,0,-0,0,-0,0,-0,0,-0,0,-0,0,-0,0,-0,0,-0,0,-0,0,-0,0,-0,0,-0,0,-0,0,-0,0,-0,2,-2,0,-0,0,-0,0,-0,0,-0,0,-0,0,-0,0,-0,0,-0,0,-0,0,-0,0,-0,0,-0,0,-0,0,-0,0,-0,0,-0,0,-0,0,-0,0,-0,0,-0,0,-0,0,-0,0,-0,0,-0,0,-0,0,-0,0,-0,0,-0,0,-0,0,-0,0,-0,0,-0,0,-0,0,-0,0,-0,0,-0,0,-0,0,-0,0,-0,0,-0,0,-0,0,-0,0,-0,0,-0,0,-0,0,-0,0,-0,0,-0,0,-0,0,-0,0,-0,0,-0,0,-0,0,-0,0,-0,0,-0,0,-0,0,-0,0,-0,0,-0,0,-0,0,-0,0,-0,0,-0,0,-0,0,-0,0,-0,0,-0,0,-0,0,-0,0,-0,0,-0,0,-0,0,-0,0,-0,0,-0,0,-0,0,0
-0,0,-0,0,-0,0,-0,0,-0,0,-0,0,-0,0,-0,0,-0,0,-0,0,-0,0,-0,0,-0,0,-0,0,-0,0,-0,0,-0,0,-0,0,-0,0,-0,0,-0,0,-2,2,-0,0,-0,0,-0,0,-0,0,-0,0,-0,0,-0,0,-0,0,-0,0,-0,0,-0,0,-0,0,-0,0,-0,0,-0,0,-0,0,-0,0,-0,0,-0,0,-0,0,-0,0,-0,0,-0,0,-0,0,-0,0,-0,0,-0,0,-0,0,-0,0,-0,0,-0,0,-0,0,-0,0,-0,0,-0,0,-0,0,-0,0,-0,0,-0,0,-0,0,-0,0,-0,0,-0,0,-0,0,-0,0,-0,0,-0,0,-0,0,-0,0,-0,0,-0,0,-0,0,-0,0,-0,0,-0,0,-0,0,-0,0,-0,0,-0,0,-0,0,-0,0,-0,0,-0,0,-0,0,-0,0,-0,0,-0,0,-0,0,-0,0,-0,0,-0,0,-0,0,-0,0,-0,0,-0,0,-0,0,-0,0,0,0
0,-0,0,-0,0,-0,0,-0,0,-0,0,-0,0,-0,0,-0,0,-0,0,-0,0,-0,0,-0,0,-0,0,-0,0,-0,0,-0,0,-0,0,-0,0,-0,0,-0,0,-0,0,-0,2,-2,0,-0,0,-0,0,-0,0,-0,0,-0,0,-0,0,-0,0,-0,0,-0,0,-0,0,-0,0,-0,0,-0,0,-0,0,-0,0,-0,0,-0,0,-0,0,-0,0,-0,0,-0,0,-0,0,-0,0,-0,0,-0,0,-0,0,-0,0,-0,0,-0,0,-0,0,-0,0,-0,0,-0,0,-0,0,-0,0,-0,0,-0,0,-0,0,-0,0,-0,0,-0,0,-0,0,-0,0,-0,0,-0,0,-0,0,-0,0,-0,0,-0,0,-0,0,-0,0,-0,0,-0,0,-0,0,-0,0,-0,0,-0,0,-0,0,-0,0,-0,0,-0,0,-0,0,-0,0,-0,0,-0,0,-0,0,-0,0,-0,0,-0,0,-0,0,-0,0,-0,0,-0,0,-0,0,-0,0,-0,0,0
-0,0,-0,0,-0,0,-0,0,-0,0,-0,0,-0,0,-0,0,-0,0,-0,0,-0,0,-0,0,-0,0,-0,0,-0,0,-0,0,-0,0,-0,0,-0,0,-0,0,-0,0,-0,0,-2,2,-0,0,-0,0,-0,0,-0,0,-0,0,-0,0,-0,0,-0,0,-0,0,-0,0,-0,0,-0,0,-0,0,-0,0,-0,0,-0,0,-0,0,-0,0,-0,0,-0,0,-0,0,-0,0,-0,0,-0,0,-0,0,-0,0,-0,0,-0,0,-0,0,-0,0,-0,0,-0,0,-0,0,-0,0,-0,0,-0,0,-0,0,-0,0,-0,0,-0,0,-0,0,-0,0,-0,0,-0,0,-0,0,-0,0,-0,0,-0,0,-0,0,-0,0,-0,0,-0,0,-0,0,-0,0,-0,0,-0,0,-0,0,-0,0,-0,0,-0,0,-0,0,-0,0,-0,0,-0,0,-0,0,-0,0,-0,0,-0,0,-0,0,-0,0,-0,0,-0,0,-0,0,-0,0,-0,0,-0,0,0,0
0,-0,0,-0,0,-0,0,-0,0,-0,0,-0,0,-0,0,-0,0,-0,0,-0,0,-0,0,-0,0,-0,0,-0,0,-0,0,-0,0,-0,0,-0,0,-0,0,-0,0,-0,0,-0,0,-0,2,-2,0,-0,0,-0,0,-0,0,-0,0,-0,0,-0,0,-0,0,-0,0,-0,0,-0,0,-0,0,-0,0,-0,0,-0,0,-0,0,-0,0,-0,0,-0,0,-0,0,-0,0,-0,0,-0,0,-0,0,-0,0,-0,0,-0,0,-0,0,-0,0,-0,0,-0,0,-0,0,-0,0,-0,0,-0,0,-0,0,-0,0,-0,0,-0,0,-0,0,-0,0,-0,0,-0,0,-0,0,-0,0,-0,0,-0,0,-0,0,-0,0,-0,0,-0,0,-0,0,-0,0,-0,0,-0,0,-0,0,-0,0,-0,0,-0,0,-0,0,-0,0,-0,0,-0,0,-0,0,-0,0,-0,0,-0,0,-0,0,-0,0,-0,0,-0,0,-0,0,-0,0,-0,0,-0,0,-0,0,0
-0,0,-0,0,-0,0,-0,0,-0,0,-0,0,-0,0,-0,0,-0,0,-0,0,-0,0,-0,0,-0,0,-0,0,-0,0,-0,0,-0,0,-0,0,-0,0,-0,0,-0,0,-0,0,-0,0,-2,2,-0,0,-0,0,-0,0,-0,0,-0,0,-0,0,-0,0,-0,0,-0,0,-0,0,-0,0,-0,0,-0,0,-0,0,-0,0,-0,0,-0,0,-0,0,-0,0,-0,0,-0,0,-0,0,-0,0,-0,0,-0,0,-0,0,-0,0,-0,0,-0,0,-0,0,-0,0,-0,0,-0,0,-0,0,-0,0,-0,0,-0,0,-0,0,-0,0,-0,0,-0,0,-0,0,-0,0,-0,0,-0,0,-0,0,-0,0,-0,0,-0,0,-0,0,-0,0,-0,0,-0,0,-0,0,-0,0,-0,0,-0,0,-0,0,-0,0,-0,0,-0,0,-0,0,-0,0,-0,0,-0,0,-0,0,-0,0,-0,0,-0,0,-0,0,-0,0,-0,0,-0,0,-0,0,-0,0,0,0
0,-0,0,-0,0,-0,0,-0,0,-0,0,-0,0,-0,0,-0,0,-0,0,-0,0,-0,0,-0,0,-0,0,-0,0,-0,0,-0,0,-0,0,-0,0,-0,0,-0,0,-0,0,-0,0,-0,0,-0,2,-2,0,-0,0,-0,0,-0,0,-0,0,-0,0,-0,0,-0,0,-0,0,-0,0,-0,0,-0,0,-0,0,-0,0,-0,0,-0,0,-0,0,-0,0,-0,0,-0,0,-0,0,-0,0,-0,0,-0,0,-0,0,-0,0,-0,0,-0,0,-0,0,-0,0,-0,0,-0,0,-0,0,-0,0,-0,0,-0,0,-0,0,-0,0,-0,0,-0,0,-0,0,-0,0,-0,0,-0,0,-0,0,-0,0,-0,0,-0,0,-0,0,-0,0,-0,0,-0,0,-0,0,-0,0,-0,0,-0,0,-0,0,-0,0,-0,0,-0,0,-0,0,-0,0,-0,0,-0,0,-0,0,-0,0,-0,0,-0,0,-0,0,-0,0,-0,0,-0,0,-0,0,-0,0,-0,0,0
-0,0,-0,0,-0,0,-0,0,-0,0,-0,0,-0,0,-0,0,-0,0,-0,0,-0,0,-0,0,-0,0,-0,0,-0,0,-0,0,-0,0,-0,0,-0,0,-0,0,-0,0,-0,0,-0,0,-0,0,-2,2,-0,0,-0,0,-0,0,-0,0,-0,0,-0,0,-0,0,-0,0,-0,0,-0,0,-0,0,-0,0,-0,0,-0,0,-0,0,-0,0,-0,0,-0,0,-0,0,-0,0,-0,0,-0,0,-0,0,-0,0,-0,0,-0,0,-0,0,-0,0,-0,0,-0,0,-0,0,-0,0,-0,0,-0,0,-0,0,-0,0,-0,0,-0,0,-0,0,-0,0,-0,0,-0,0,-0,0,-0,0,-0,0,-0,0,-0,0,-0,0,-0,0,-0,0,-0,0,-0,0,-0,0,-0,0,-0,0,-0,0,-0,0,-0,0,-0,0,-0,0,-0,0,-0,0,-0,0,-0,0,-0,0,-0,0,-0,0,-0,0,-0,0,-0,0,-0,0,-0,0,-0,0,-0,0,0,0
0,-0,0,-0,0,-0,0,-0,0,-0,0,-0,0,-0,0,-0,0,-0,0,-0,0,-0,0,-0,0,-0,0,-0,0,-0,0,-0,0,-0,0,-0,0,-0,0,-0,0,-0,0,-0,0,-0,0,-0,0,-0,2,-2,0,-0,0,-0,0,-0,0,-0,0,-0,0,-0,0,-0,0,-0,0,-0,0,-0,0,-0,0,-0,0,-0,0,-0,0,-0,0,-0,0,-0,0,-0,0,-0,0,-0,0,-0,0,-0,0,-0,0,-0,0,-0,0,-0,0,-0,0,-0,0,-0,0,-0,0,-0,0,-0,0,-0,0,-0,0,-0,0,-0,0,-0,0,-0,0,-0,0,-0,0,-0,0,-0,0,-0,0,-0,0,-0,0,-0,0,-0,0,-0,0,-0,0,-0,0,-0,0,-0,0,-0,0,-0,0,-0,0,-0,0,-0,0,-0,0,-0,0,-0,0,-0,0,-0,0,-0,0,-0,0,-0,0,-0,0,-0,0,-0,0,-0,0,-0,0,-0,0,-0,0,-0,0,0
-0,0,-0,0,-0,0,-0,0,-0,0,-0,0,-0,0,-0,0,-0,0,-0,0,-0,0,-0,0,-0,0,-0,0,-0,0,-0,0,-0,0,-0,0,-0,0,-0,0,-0,0,-0,0,-0,0,-0,0,-0,0,-2,2,-0,0,-0,0,-0,0,-0,0,-0,0,-0,0,-0,0,-0,0,-0,0,-0,0,-0,0,-0,0,-0,0,-0,0,-0,0,-0,0,-0,0,-0,0,-0,0,-0,0,-0,0,-0,0,-0,0,-0,0,-0,0,-0,0,-0,0,-0,0,-0,0,-0,0,-0,0,-0,0,-0,0,-0,0,-0,0,-0,0,-0,0,-0,0,-0,0,-0,0,-0,0,-0,0,-0,0,-0,0,-0,0,-0,0,-0,0,-0,0,-0,0,-0,0,-0,0,-0,0,-0,0,-0,0,-0,0,-0,0,-0,0,-0,0,-0,0,-0,0,-0,0,-0,0,-0,0,-0,0,-0,0,-0,0,-0,0,-0,0,-0,0,-0,0,-0,0,-0,0,-0,0,0,0
0,-0,0,-0,0,-0,0,-0,0,-0,0,-0,0,-0,0,-0,0,-0,0,-0,0,-0,0,-0,0,-0,0,-0,0,-0,0,-0,0,-0,0,-0,0,-0,0,-0,0,-0,0,-0,0,-0,0,-0,0,-0,0,-0,2,-2,0,-0,0,-0,0,-0,0,-0,0,-0,0,-0,0,-0,0,-0,0,-0,0,-0,0,-0,0,-0,0,-0,0,-0,0,-0,0,-0,0,-0,0,-0,0,-0,0,-0,0,-0,0,-0,0,-0,0,-0,0,-0,0,-0,0,-0,0,-0,0,-0,0,-0,0,-0,0,-0,0,-0,0,-0,0,-0,0,-0,0,-0,0,-0,0,-0,0,-0,0,-0,0,-0,0,-0,0,-0,0,-0,0,-0,0,-0,0,-0,0,-0,0,-0,0,-0,0,-0,0,-0,0,-0,0,-0,0,-0,0,-0,0,-0,0,-0,0,-0,0,-0,0,-0,0,-0,0,-0,0,-0,0,-0,0,-0,0,-0,0,-0,0,-0,0,-0,0,-0,0,0
-0,0,-0,0,-0,0,-0,0,-0,0,-0,0,-0,0,-0,0,-0,0,-0,0,-0,0,-0,0,-0,0,-0,0,-0,0,-0,0,-0,0,-0,0,-0,0,-0,0,-0,0,-0,0,-0,0,-0,0,-0,0,-0,0,-2,2,-0,0,-0,0,-0,0,-0,0,-0,0,-0,0,-0,0,-0,0,-0,0,-0,0,-0,0,-0,0,-0,0,-0,0,-0,0,-0,0,-0,0,-0,0,-0,0,-0,0,-0,0,-0,0,-0,0,-0,0,-0,0,-0,0,-0,0,-0,0,-0,0,-0,0,-0,0,-0,0,-0,0,-0,0,-0,0,-0,0,-0,0,-0,0,-0,0,-0,0,-0,0,-0,0,-0,0,-0,0,-0,0,-0,0,-0,0,-0,0,-0,0,-0,0,-0,0,-0,0,-0,0,-0,0,-0,0,-0,0,-0,0,-0,0,-0,0,-0,0,-0,0,-0,0,-0,0,-0,0,-0,0,-0,0,-0,0,-0,0,-0,0,-0,0,-0,0,-0,0,0,0
0,-0,0,-0,0,-0,0,-0,0,-0,0,-0,0,-0,0,-0,0,-0,0,-0,0,-0,0,-0,0,-0,0,-0,0,-0,0,-0,0,-0,0,-0,0,-0,0,-0,0,-0,0,-0,0,-0,0,-0,0,-0,0,-0,0,-0,2,-2,0,-0,0,-0,0,-0,0,-0,0,-0,0,-0,0,-0,0,-0,0,-0,0,-0,0,-0,0,-0,0,-0,0,-0,0,-0,0,-0,0,-0,0,-0,0,-0,0,-0,0,-0,0,-0,0,-0,0,-0,0,-0,0,-0,0,-0,0,-0,0,-0,0,-0,0,-0,0,-0,0,-0,0,-0,0,-0,0,-0,0,-0,0,-0,0,-0,0,-0,0,-0,0,-0,0,-0,0,-0,0,-0,0,-0,0,-0,0,-0,0,-0,0,-0,0,-0,0,-0,0,-0,0,-0,0,-0,0,-0,0,-0,0,-0,0,-0,0,-0,0,-0,0,-0,0,-0,0,-0,0,-0,0,-0,0,-0,0,-0,0,-0,0,-0,0,-0,0,0
-0,0,-0,0,-0,0,-0,0,-0,0,-0,0,-0,0,-0,0,-0,0,-0,0,-0,0,-0,0,-0,0,-0,0,-0,0,-0,0,-0,0,-0,0,-0,0,-0,0,-0,0,-0,0,-0,0,-0,0,-0,0,-0,0,-0,0,-2,2,-0,0,-0,0,-0,0,-0,0,-0,0,-0,0,-0,0,-0,0,-0,0,-0,0,-0,0,-0,0,-0,0,-0,0,-0,0,-0,0,-0,0,-0,0,-0,0,-0,0,-0,0,-0,0,-0,0,-0,0,-0,0,-0,0,-0,0,-0,0,-0,0,-0,0,-0,0,-0,0,-0,0,-0,0,-0,0,-0,0,-0,0,-0,0,-0,0,-0,0,-0,0,-0,0,-0,0,-0,0,-0,0,-0,0,-0,0,-0,0,-0,0,-0,0,-0,0,-0,0,-0,0,-0,0,-0,0,-0,0,-0,0,-0,0,-0,0,-0,0,-0,0,-0,0,-0,0,-0,0,-0,0,-0,0,-0,0,-0,0,-0,0,-0,0,-0,0,0,0
0,-0,0,-0,0,-0,0,-0,0,-0,0,-0,0,-0,0,-0,0,-0,0,-0,0,-0,0,-0,0,-0,0,-0,0,-0,0,-0,0,-0,0,-0,0,-0,0,-0,0,-0,0,-0,0,-0,0,-0,0,-0,0,-0,0,-0,0,-0,2,-2,0,-0,0,-0,0,-0,0,-0,0,-0,0,-0,0,-0,0,-0,0,-0,0,-0,0,-0,0,-0,0,-0,0,-0,0,-0,0,-0,0,-0,0,-0,0,-0,0,-0,0,-0,0,-0,0,-0,0,-0,0,-0,0,-0,0,-0,0,-0,0,-0,0,-0,0,-0,0,-0,0,-0,0,-0,0,-0,0,-0,0,-0,0,-0,0,-0,0,-0,0,-0,0,-0,0,-0,0,-0,0,-0,0,-0,0,-0,0,-0,0,-0,0,-0,0,-0,0,-0,0,-0,0,-0,0,-0,0,-0,0,-0,0,-0,0,-0,0,-0,0,-0,0,-0,0,-0,0,-0,0,-0,0,-0,0,-0,0,-0,0,-0,0,-0,0,0
-0,0,-0,0,-0,0,-0,0,-0,0,-0,0,-0,0,-0,0,-0,0,-0,0,-0,0,-0,0,-0,0,-0,0,-0,0,-0,0,-0,0,-0,0,-0,0,-0,0,-0,0,-0,0,-0,0,-0,0,-0,0,-0,0,-0,0,-0,0,-2,2,-0,0,-0,0,-0,0,-0,0,-0,0,-0,0,-0,0,-0,0,-0,0,-0,0,-0,0,-0,0,-0,0,-0,0,-0,0,-0,0,-0,0,-0,0,-0,0,-0,0,-0,0,-0,0,-0,0,-0,0,-0,0,-0,0,-0,0,-0,0,-0,0,-0,0,-0,0,-0,0,-0,0,-0,0,-0,0,-0,0,-0,0,-0,0,-0,0,-0,0,-0,0,-0,0,-0,0,-0,0,-0,0,-0,0,-0,0,-0,0,-0,0,-0,0,-0,0,-0,0,-0,0,-0,0,-0,0,-0,0,-0,0,-0,0,-0,0,-0,0,-0,0,-0,0,-0,0,-0,0,-0,0,-0,0,-0,0,-0,0,-0,0,-0,0,0,0
0,-0,0,-0,0,-0,0,-0,0,-0,0,-0,0,-0,0,-0,0,-0,0,-0,0,-0,0,-0,0,-0,0,-0,0,-0,0,-0,0,-0,0,-0,0,-0,0,-0,0,-0,0,-0,0,-0,0,-0,0,-0,0,-0,0,-0,0,-0,0,-0,2,-2,0,-0,0,-0,0,-0,0,-0,0,-0,0,-0,0,-0,0,-0,0,-0,0,-0,0,-0,0,-0,0,-0,0,-0,0,-0,0,-0,0,-0,0,-0,0,-0,0,-0,0,-0,0,-0,0,-0,0,-0,0,-0,0,-0,0,-0,0,-0,0,-0,0,-0,0,-0,0,-0,0,-0,0,-0,0,-0,0,-0,0,-0,0,-0,0,-0,0,-0,0,-0,0,-0,0,-0,0,-0,0,-0,0,-0,0,-0,0,-0,0,-0,0,-0,0,-0,0,-0,0,-0,0,-0,0,-0,0,-0,0,-0,0,-0,0,-0,0,-0,0,-0,0,-0,0,-0,0,-0,0,-0,0,-0,0,-0,0,-0,0,-0,0,0
-0,0,-0,0,-0,0,-0,0,-0,0,-0,0,-0,0,-0,0,-0,0,-0,0,-0,0,-0,0,-0,0,-0,0,-0,0,-0,0,-0,0,-0,0,-0,0,-0,0,-0,0,-0,0,-0,0,-0,0,-0,0,-0,0,-0,0,-0,0,-0,0,-2,2,-0,0,-0,0,-0,0,-0,0,-0,0,-0,0,-0,0,-0,0,-0,0,-0,0,-0,0,-0,0,-0,0,-0,0,-0,0,-0,0,-0,0,-0,0,-0,0,-0,0,-0,0,-0,0,-0,0,-0,0,-0,0,-0,0,-0,0,-0,0,-0,0,-0,0,-0,0,-0,0,-0,0,-0,0,-0,0,-0,0,-0,0,-0,0,-0,0,-0,0,-0,0,-0,0,-0,0,-0,0,-0,0,-0,0,-0,0,-0,0,-0,0,-0,0,-0,0,-0,0,-0,0,-0,0,-0,0,-0,0,-0,0,-0,0,-0,0,-0,0,-0,0,-0,0,-0,0,-0,0,-0,0,-0,0,-0,0,-0,0,-0,0,0,0
0,-0,0,-0,0,-0,0,-0,0,-0,0,-0,0,-0,0,-0,0,-0,0,-0,0,-0,0,-0,0,-0,0,-0,0,-0,0,-0,0,-0,0,-0,0,-0,0,-0,0,-0,0,-0,0,-0,0,-0,0,-0,0,-0,0,-0,0,-0,0,-0,0,-0,2,-2,0,-0,0,-0,0,-0,0,-0,0,-0,0,-0,0,-0,0,-0,0,-0,0,-0,0,-0,0,-0,0,-0,0,-0,0,-0,0,-0,0,-0,0,-0,0,-0,0,-0,0,-0,0,-0,0,-0,0,-0,0,-0,0,-0,0,-0,0,-0,0,-0,0,-0,0,-0,0,-0,0,-0,0,-0,0,-0,0,-0,0,-0,0,-0,0,-0,0,-0,0,-0,0,-0,0,-0,0,-0,0,-0,0,-0,0,-0,0,-0,0,-0,0,-0,0,-0,0,-0,0,-0,0,-0,0,-0,0,-0,0,-0,0,-0,0,-0,0,-0,0,-0,0,-0,0,-0,0,-0,0,-0,0,-0,0,-0,0,-0,0,0
-0,0,-0,0,-0,0,-0,0,-0,0,-0,0,-0,0,-0,0,-0,0,-0,0,-0,0,-0,0,-0,0,-0,0,-0,0,-0,0,-0,0,-0,0,-0,0,-0,0,-0,0,-0,0,-0,0,-0,0,-0,0,-0,0,-0,0,-0,0,-0,0,-0,0,-2,2,-0,0,-0,0,-0,0,-0,0,-0,0,-0,0,-0,0,-0,0,-0,0,-0,0,-0,0,-0,0,-0,0,-0,0,-0,0,-0,0,-0,0,-0,0,-0,0,-0,0,-0,0,-0,0,-0,0,-0,0,-0,0,-0,0,-0,0,-0,0,-0,0,-0,0,-0,0,-0,0,-0,0,-0,0,-0,0,-0,0,-0,0,-0,0,-0,0,-0,0,-0,0,-0,0,-0,0,-0,0,-0,0,-0,0,-0,0,-0,0,-0,0,-0,0,-0,0,-0,0,-0,0,-0,0,-0,0,-0,0,-0,0,-0,0,-0,0,-0,0,-0,0,-0,0,-0,0,-0,0,-0,0,-0,0,-0,0,-0,0,0,0
0,-0,0,-0,0,-0,0,-0,0,-0,0,-0,0,-0,0,-0,0,-0,0,-0,0,-0,0,-0,0,-0,0,-0,0,-0,0,-0,0,-0,0,-0,0,-0,0,-0,0,-0,0,-0,0,-0,0,-0,0,-0,0,-0,0,-0,0,-0,0,-0,0,-0,0,-0,2,-2,0,-0,0,-0,0,-0,0,-0,0,-0,0,-0,0,-0,0,-0,0,-0,0,-0,0,-0,0,-0,0,-0,0,-0,0,-0,0,-0,0,-0,0,-0,0,-0,0,-0,0,-0,0,-0,0,-0,0,-0,0,-0,0,-0,0,-0,0,-0,0,-0,0,-0,0,-0,0,-0,0,-0,0,-0,0,-0,0,-0,0,-0,0,-0,0,-0,0,-0,0,-0,0,-0,0,-0,0,-0,0,-0,0,-0,0,-0,0,-0,0,-0,0,-0,0,-0,0,-0,0,-0,0,-0,0,-0,0,-0,0,-0,0,-0,0,-0,0,-0,0,-0,0,-0,0,-0,0,-0,0,-0,0,-0,0,-0,0,0
-0,0,-0,0,-0,0,-0,0,-0,0,-0,0,-0,0,-0,0,-0,0,-0,0,-0,0,-0,0,-0,0,-0,0,-0,0,-0,0,-0,0,-0,0,-0,0,-0,0,-0,0,-0,0,-0,0,-0,0,-0,0,-0,0,-0,0,-0,0,-0,0,-0,0,-0,0,-2,2,-0,0,-0,0,-0,0,-0,0,-0,0,-0,0,-0,0,-0,0,-0,0,-0,0,-0,0,-0,0,-0,0,-0,0,-0,0,-0,0,-0,0,-0,0,-0,0,-0,0,-0,0,-0,0,-0,0,-0,0,-0,0,-0,0,-0,0,-0,0,-0,0,-0,0,-0,0,-0,0,-0,0,-0,0,-0,0,-0,0,-0,0,-0,0,-0,0,-0,0,-0,0,-0,0,-0,0,-0,0,-0,0,-0,0,-0,0,-0,0,-0,0,-0,0,-0,0,-0,0,-0,0,-0,0,-0,0,-0,0,-0,0,-0,0,-0,0,-0,0,-0,0,-0,0,-0,0,-0,0,-0,0,-0,0,-0,0,0,0
0,-0,0,-0,0,-0,0,-0,0,-0,0,-0,0,-0,0,-0,0,-0,0,-0,0,-0,0,-0,0,-0,0,-0,0,-0,0,-0,0,-0,0,-0,0,-0,0,-0,0,-0,0,-0,0,-0,0,-0,0,-0,0,-0,0,-0,0,-0,0,-0,0,-0,0,-0,0,-0,2,-2,0,-0,0,-0,0,-0,0,-0,0,-0,0,-0,0,-0,0,-0,0,-0,0,-0,0,-0,0,-0,0,-0,0,-0,0,-0,0,-0,0,-0,0,-0,0,-0,0,-0,0,-0,0,-0,0,-0,0,-0,0,-0,0,-0,0,-0,0,-0,0,-0,0,-0,0,-0,0,-0,0,-0,0,-0,0,-0,0,-0,0,-0,0,-0,0,-0,0,-0,0,-0,0,-0,0,-0,0,-0,0,-0,0,-0,0,-0,0,-0,0,-0,0,-0,0,-0,0,-0,0,-0,0,-0,0,-0,0,-0,0,-0,0,-0,0,-0,0,-0,0,-0,0,-0,0,-0,0,-0,0,-0,0,-0,0,0
-0,0,-0,0,-0,0,-0,0,-0,0,-0,0,-0,0,-0,0,-0,0,-0,0,-0,0,-0,0,-0,0,-0,0,-0,0,-0,0,-0,0,-0,0,-0,0,-0,0,-0,0,-0,0,-0,0,-0,0,-0,0,-0,0,-0,0,-0,0,-0,0,-0,0,-0,0,-0,0,-2,2,-0,0,-0,0,-0,0,-0,0,-0,0,-0,0,-0,0,-0,0,-0,0,-0,0,-0,0,-0,0,-0,0,-0,0,-0,0,-0,0,-0,0,-0,0,-0,0,-0,0,-0,0,-0,0,-0,0,-0,0,-0,0,-0,0,-0,0,-0,0,-0,0,-0,0,-0,0,-0,0,-0,0,-0,0,-0,0,-0,0,-0,0,-0,0,-0,0,-0,0,-0,0,-0,0,-0,0,-0,0,-0,0,-0,0,-0,0,-0,0,-0,0,-0,0,-0,0,-0,0,-0,0,-0,0,-0,0,-0,0,-0,0,-0,0,-0,0,-0,0,-0,0,-0,0,-0,0,-0,0,-0,0,-0,0,0,0
0,-0,0,-0,0,-0,0,-0,0,-0,0,-0,0,-0,0,-0,0,-0,0,-0,0,-0,0,-0,0,-0,0,-0,0,-0,0,-0,0,-0,0,-0,0,-0,0,-0,0,-0,0,-0,0,-0,0,-0,0,-0,0,-0,0,-0,0,-0,0,-0,0,-0,0,-0,0,-0,0,-0,2,-2,0,-0,0,-0,0,-0,0,-0,0,-0,0,-0,0,-0,0,-0,0,-0,0,-0,0,-0,0,-0,0,-0,0,-0,0,-0,0,-0,0,-0,0,-0,0,-0,0,-0,0,-0,0,-0,0,-0,0,-0,0,-0,0,-0,0,-0,0,-0,0,-0,0,-0,0,-0,0,-0,0,-0,0,-0,0,-0,0,-0,0,-0,0,-0,0,-0,0,-0,0,-0,0,-0,0,-0,0,-0,0,-0,0,-0,0,-0,0,-0,0,-0,0,-0,0,-0,0,-0,0,-0,0,-0,0,-0,0,-0,0,-0,0,-0,0,-0,0,-0,0,-0,0,-0,0,-0,0,-0,0,-0,0,0
-0,0,-0,0,-0,0,-0,0,-0,0,-0,0,-0,0,-0,0,-0,0,-0,0,-0,0,-0,0,-0,0,-0,0,-0,0,-0,0,-0,0,-0,0,-0,0,-0,0,-0,0,-0,0,-0,0,-0,0,-0,0,-0,0,-0,0,-0,0,-0,0,-0,0,-0,0,-0,0,-0,0,-2,2,-0,0,-0,0,-0,0,-0,0,-0,0,-0,0,-0,0,-0,0,-0,0,-0,0,-0,0,-0,0,-0,0,-0,0,-0,0,-0,0,-0,0,-0,0,-0,0,-0,0,-0,0,-0,0,-0,0,-0,0,-0,0,-0,0,-0,0,-0,0,-0,0,-0,0,-0,0,-0,0,-0,0,-0,0,-0,0,-0,0,-0,0,-0,0,-0,0,-0,0,-0,0,-0,0,-0,0,-0,0,-0,0,-0,0,-0,0,-0,0,-0,0,-0,0,-0,0,-0,0,-0,0,-0,0,-0,0,-0,0,-0,0,-0,0,-0,0,-0,0,-0,0,-0,0,-0,0,-0,0,-0,0,0,0
0,-0,0,-0,0,-0,0,-0,0,-0,0,-0,0,-0,0,-0,0,-0,0,-0,0,-0,0,-0,0,-0,0,-0,0,-0,0,-0,0,-0,0,-0,0,-0,0,-0,0,-0,0,-0,0,-0,0,-0,0,-0,0,-0,0,-0,0,-0,0,-0,0,-0,0,-0,0,-0,0,-0,0,-0,2,-2,0,-0,0,-0,0,-0,0,-0,0,-0,0,-0,0,-0,0,-0,0,-0,0,-0,0,-0,0,-0,0,-0,0,-0,0,-0,0,-0,0,-0,0,-0,0,-0,0,-0,0,-0,0,-0,0,-0,0,-0,0,-0,0,-0,0,-0,0,-0,0,-0,0,-0,0,-0,0,-0,0,-0,0,-0,0,-0,0,-0,0,-0,0,-0,0,-0,0,-0,0,-0,0,-0,0,-0,0,-0,0,-0,0,-0,0,-0,0,-0,0,-0,0,-0,0,-0,0,-0,0,-0,0,-0,0,-0,0,-0,0,-0,0,-0,0,-0,0,-0,0,-0,0,-0,0,-0,0,-0,0,0
-0,0,-0,0,-0,0,-0,0,-0,0,-0,0,-0,0,-0,0,-0,0,-0,0,-0,0,-0,0,-0,0,-0,0,-0,0,-0,0,-0,0,-0,0,-0,0,-0,0,-0,0,-0,0,-0,0,-0,0,-0,0,-0,0,-0,0,-0,0,-0,0,-0,0,-0,0,-0,0,-0,0,-0,0,-2,2,-0,0,-0,0,-0,0,-0,0,-0,0,-0,0,-0,0,-0,0,-0,0,-0,0,-0,0,-0,0,-0,0,-0,0,-0,0,-0,0,-0,0,-0,0,-0,0,-0,0,-0,0,-0,0,-0,0,-0,0,-0,0,-0,0,-0,0,-0,0,-0,0,-0,0,-0,0,-0,0,-0,0,-0,0,-0,0,-0,0,-0,0,-0,0,-0,0,-0,0,-0,0,-0,0,-0,0,-0,0,-0,0,-0,0,-0,0,-0,0,-0,0,-0,0,-0,0,-0,0,-0,0,-0,0,-0,0,-0,0,-0,0,-0,0,-0,0,-0,0,-0,0,-0,0,-0,0,-0,0,0,0
0,-0,0,-0,0,-0,0,-0,0,-0,0,-0,0,-0,0,-0,0,-0,0,-0,0,-0,0,-0,0,-0,0,-0,0,-0,0,-0,0,-0,0,-0,0,-0,0,-0,0,-0,0,-0,0,-0,0,-0,0,-0,0,-0,0,-0,0,-0,0,-0,0,-0,0,-0,0,-0,0,-0,0,-0,0,-0,2,-2,0,-0,0,-0,0,-0,0,-0,0,-0,0,-0,0,-0,0,-0,0,-0,0,-0,0,-0,0,-0,0,-0,0,-0,0,-0,0,-0,0,-0,0,-0,0,-0,0,-0,0,-0,0,-0,0,-0,0,-0,0,-0,0,-0,0,-0,0,-0,0,-0,0,-0,0,-0,0,-0,0,-0,0,-0,0,-0,0,-0,0,-0,0,-0,0,-0,0,-0,0,-0,0,-0,0,-0,0,-0,0,-0,0,-0,0,-0,0,-0,0,-0,0,-0,0,-0,0,-0,0,-0,0,-0,0,-0,0,-0,0,-0,0,-0,0,-0,0,-0,0,-0,0,-0,0,-0,0,0
-0,0,-0,0,-0,0,-0,0,-0,0,-0,0,-0,0,-0,0,-0,0,-0,0,-0,0,-0,0,-0,0,-0,0,-0,0,-0,0,-0,0,-0,0,-0,0,-0,0,-0,0,-0,0,-0,0,-0,0,-0,0,-0,0,-0,0,-0,0,-0,0,-0,0,-0,0,-0,0,-0,0,-0,0,-0,0,-2,2,-0,0,-0,0,-0,0,-0,0,-0,0,-0,0,-0,0,-0,0,-0,0,-0,0,-0,0,-0,0,-0,0,-0,0,-0,0,-0,0,-0,0,-0,0,-0,0,-0,0,-0,0,-0,0,-0,0,-0,0,-0,0,-0,0,-0,0,-0,0,-0,0,-0,0,-0,0,-0,0,-0,0,-0,0,-0,0,-0,0,-0,0,-0,0,-0,0,-0,0,-0,0,-0,0,-0,0,-0,0,-0,0,-0,0,-0,0,-0,0,-0,0,-0,0,-0,0,-0,0,-0,0,-0,0,-0,0,-0,0,-0,0,-0,0,-0,0,-0,0,-0,0,-0,0,-0,0,0,0
0,-0,0,-0,0,-0,0,-0,0,-0,0,-0,0,-0,0,-0,0,-0,0,-0,0,-0,0,-0,0,-0,0,-0,0,-0,0,-0,0,-0,0,-0,0,-0,0,-0,0,-0,0,-0,0,-0,0,-0,0,-0,0,-0,0,-0,0,-0,0,-0,0,-0,0,-0,0,-0,0,-0,0,-0,0,-0,0,-0,2,-2,0,-0,0,-0,0,-0,0,-0,0,-0,0,-0,0,-0,0,-0,0,-0,0,-0,0,-0,0,-0,0,-0,0,-0,0,-0,0,-0,0,-0,0,-0,0,-0,0,-0,0,-0,0,-0,0,-0,0,-0,0,-0,0,-0,0,-0,0,-0,0,-0,0,-0,0,-0,0,-0,0,-0,0,-0,0,-0,0,-0,0,-0,0,-0,0,-0,0,-0,0,-0,0,-0,0,-0,0,-0,0,-0,0,-0,0,-0,0,-0,0,-0,0,-0,0,-0,0,-0,0,-0,0,-0,0,-0,0,-0,0,-0,0,-0,0,-0,0,-0,0,-0,0,-0,0,0
-0,0,-0,0,-0,0,-0,0,-0,0,-0,0,-0,0,-0,0,-0,0,-0,0,-0,0,-0,0,-0,0,-0,0,-0,0,-0,0,-0,0,-0,0,-0,0,-0,0,-0,0,-0,0,-0,0,-0,0,-0,0,-0,0,-0,0,-0,0,-0,0,-0,0,-0,0,-0,0,-0,0,-0,0,-0,0,-0,0,-2,2,-0,0,-0,0,-0,0,-0,0,-0,0,-0,0,-0,0,-0,0,-0,0,-0,0,-0,0,-0,0,-0,0,-0,0,-0,0,-0,0,-0,0,-0,0,-0,0,-0,0,-0,0,-0,0,-0,0,-0,0,-0,0,-0,0,-0,0,-0,0,-0,0,-0,0,-0,0,-0,0,-0,0,-0,0,-0,0,-0,0,-0,0,-0,0,-0,0,-0,0,-0,0,-0,0,-0,0,-0,0,-0,0,-0,0,-0,0,-0,0,-0,0,-0,0,-0,0,-0,0,-0,0,-0,0,-0,0,-0,0,-0,0,-0,0,-0,0,-0,0,-0,0,-0,0,0,0
0,-0,0,-0,0,-0,0,-0,0,-0,0,-0,0,-0,0,-0,0,-0,0,-0,0,-0,0,-0,0,-0,0,-0,0,-0,0,-0,0,-0,0,-0,0,-0,0,-0,0,-0,0,-0,0,-0,0,-0,0,-0,0,-0,0,-0,0,-0,0,-0,0,-0,0,-0,0,-0,0,-0,0,-0,0,-0,0,-0,0,-0,2,-2,0,-0,0,-0,0,-0,0,-0,0,-0,0,-0,0,-0,0,-0,0,-0,0,-0,0,-0,0,-0,0,-0,0,-0,0,-0,0,-0,0,-0,0,-0,0,-0,0,-0,0,-0,0,-0,0,-0,0,-0,0,-0,0,-0,0,-0,0,-0,0,-0,0,-0,0,-0,0,-0,0,-0,0,-0,0,-0,0,-0,0,-0,0,-0,0,-0,0,-0,0,-0,0,-0,0,-0,0,-0,0,-0,0,-0,0,-0,0,-0,0,-0,0,-0,0,-0,0,-0,0,-0,0,-0,0,-0,0,-0,0,-0,0,-0,0,-0,0,-0,0,-0,0,0
-0,0,-0,0,-0,0,-0,0,-0,0,-0,0,-0,0,-0,0,-0,0,-0,0,-0,0,-0,0,-0,0,-0,0,-0,0,-0,0,-0,0,-0,0,-0,0,-0,0,-0,0,-0,0,-0,0,-0,0,-0,0,-0,0,-0,0,-0,0,-0,0,-0,0,-0,0,-0,0,-0,0,-0,0,-0,0,-0,0,-0,0,-2,2,-0,0,-0,0,-0,0,-0,0,-0,0,-0,0,-0,0,-0,0,-0,0,-0,0,-0,0,-0,0,-0,0,-0,0,-0,0,-0,0,-0,0,-0,0,-0,0,-0,0,-0,0,-0,0,-0,0,-0,0,-0,0,-0,0,-0,0,-0,0,-0,0,-0,0,-0,0,-0,0,-0,0,-0,0,-0,0,-0,0,-0,0,-0,0,-0,0,-0,0,-0,0,-0,0,-0,0,-0,0,-0,0,-0,0,-0,0,-0,0,-0,0,-0,0,-0,0,-0,0,-0,0,-0,0,-0,0,-0,0,-0,0,-0,0,-0,0,-0,0,-0,0,0,0
0,-0,0,-0,0,-0,0,-0,0,-0,0,-0,0,-0,0,-0,0,-0,0,-0,0,-0,0,-0,0,-0,0,-0,0,-0,0,-0,0,-0,0,-0,0,-0,0,-0,0,-0,0,-0,0,-0,0,-0,0,-0,0,-0,0,-0,0,-0,0,-0,0,-0,0,-0,0,-0,0,-0,0,-0,0,-0,0,-0,0,-0,0,-0,2,-2,0,-0,0,-0,0,-0,0,-0,0,-0,0,-0,0,-0,0,-0,0,-0,0,-0,0,-0,0,-0,0,-0,0,-0,0,-0,0,-0,0,-0,0,-0,0,-0,0,-0,0,-0,0,-0,0,-0,0,-0,0,-0,0,-0,0,-0,0,-0,0,-0,0,-0,0,-0,0,-0,0,-0,0,-0,0,-0,0,-0,0,-0,0,-0,0,-0,0,-0,0,-0,0,-0,0,-0,0,-0,0,-0,0,-0,0,-0,0,-0,0,-0,0,-0,0,-0,0,-0,0,-0,0,-0,0,-0,0,-0,0,-0,0,-0,0,-0,0,-0,0,0
-0,0,-0,0,-0,0,-0,0,-0,0,-0,0,-0,0,-0,0,-0,0,-0,0,-0,0,-0,0,-0,0,-0,0,-0,0,-0,0,-0,0,-0,0,-0,0,-0,0,-0,0,-0,0,-0,0,-0,0,-0,0,-0,0,-0,0,-0,0,-0,0,-0,0,-0,0,-0,0,-0,0,-0,0,-0,0,-0,0,-0,0,-0,0,-2,2,-0,0,-0,0,-0,0,-0,0,-0,0,-0,0,-0,0,-0,0,-0,0,-0,0,-0,0,-0,0,-0,0,-0,0,-0,0,-0,0,-0,0,-0,0,-0,0,-0,0,-0,0,-0,0,-0,0,-0,0,-0,0,-0,0,-0,0,-0,0,-0,0,-0,0,-0,0,-0,0,-0,0,-0,0,-0,0,-0,0,-0,0,-0,0,-0,0,-0,0,-0,0,-0,0,-0,0,-0,0,-0,0,-0,0,-0,0,-0,0,-0,0,-0,0,-0,0,-0,0,-0,0,-0,0,-0,0,-0,0,-0,0,-0,0,-0,0,-0,0,0,0
0,-0,0,-0,0,-0,0,-0,0,-0,0,-0,0,-0,0,-0,0,-0,0,-0,0,-0,0,-0,0,-0,0,-0,0,-0,0,-0,0,-0,0,-0,0,-0,0,-0,0,-0,0,-0,0,-0,0,-0,0,-0,0,-0,0,-0,0,-0,0,-0,0,-0,0,-0,0,-0,0,-0,0,-0,0,-0,0,-0,0,-0,0,-0,0,-0,2,-2,0,-0,0,-0,0,-0,0,-0,0,-0,0,-0,0,-0,0,-0,0,-0,0,-0,0,-0,0,-0,0,-0,0,-0,0,-0,0,-0,0,-0,0,-0,0,-0,0,-0,0,-0,0,-0,0,-0,0,-0,0,-0,0,-0,0,-0,0,-0,0,-0,0,-0,0,-0,0,-0,0,-0,0,-0,0,-0,0,-0,0,-0,0,-0,0,-0,0,-0,0,-0,0,-0,0,-0,0,-0,0,-0,0,-0,0,-0,0,-0,0,-0,0,-0,0,-0,0,-0,0,-0,0,-0,0,-0,0,-0,0,-0,0,-0,0,-0,0,0
-0,0,-0,0,-0,0,-0,0,-0,0,-0,0,-0,0,-0,0,-0,0,-0,0,-0,0,-0,0,-0,0,-0,0,-0,0,-0,0,-0,0,-0,0,-0,0,-0,0,-0,0,-0,0,-0,0,-0,0,-0,0,-0,0,-0,0,-0,0,-0,0,-0,0,-0,0,-0,0,-0,0,-0,0,-0,0,-0,0,-0,0,-0,0,-0,0,-2,2,-0,0,-0,0,-0,0,-0,0,-0,0,-0,0,-0,0,-0,0,-0,0,-0,0,-0,0,-0,0,-0,0,-0,0,-0,0,-0,0,-0,0,-0,0,-0,0,-0,0,-0,0,-0,0,-0,0,-0,0,-0,0,-0,0,-0,0,-0,0,-0,0,-0,0,-0,0,-0,0,-0,0,-0,0,-0,0,-0,0,-0,0,-0,0,-0,0,-0,0,-0,0,-0,0,-0,0,-0,0,-0,0,-0,0,-0,0,-0,0,-0,0,-0,0,-0,0,-0,0,-0,0,-0,0,-0,0,-0,0,-0,0,-0,0,-0,0,0,0
0,-0,0,-0,0,-0,0,-0,0,-0,0,-0,0,-0,0,-0,0,-0,0,-0,0,-0,0,-0,0,-0,0,-0,0,-0,0,-0,0,-0,0,-0,0,-0,0,-0,0,-0,0,-0,0,-0,0,-0,0,-0,0,-0,0,-0,0,-0,0,-0,0,-0,0,-0,0,-0,0,-0,0,-0,0,-0,0,-0,0,-0,0,-0,0,-0,0,-0,2,-2,0,-0,0,-0,0,-0,0,-0,0,-0,0,-0,0,-0,0,-0,0,-0,0,-0,0,-0,0,-0,0,-0,0,-0,0,-0,0,-0,0,-0,0,-0,0,-0,0,-0,0,-0,0,-0,0,-0,0,-0,0,-0,0,-0,0,-0,0,-0,0,-0,0,-0,0,-0,0,-0,0,-0,0,-0,0,-0,0,-0,0,-0,0,-0,0,-0,0,-0,0,-0,0,-0,0,-0,0,-0,0,-0,0,-0,0,-0,0,-0,0,-0,0,-0,0,-0,0,-0,0,-0,0,-0,0,-0,0,-0,0,-0,0,-0,0,0
-0,0,-0,0,-0,0,-0,0,-0,0,-0,0,-0,0,-0,0,-0,0,-0,0,-0,0,-0,0,-0,0,-0,0,-0,0,-0,0,-0,0,-0,0,-0,0,-0,0,-0,0,-0,0,-0,0,-0,0,-0,0,-0,0,-0,0,-0,0,-0,0,-0,0,-0,0,-0,0,-0,0,-0,0,-0,0,-0,0,-0,0,-0,0,-0,0,-0,0,-2,2,-0,0,-0,0,-0,0,-0,0,-0,0,-0,0,-0,0,-0,0,-0,0,-0,0,-0,0,-0,0,-0,0,-0,0,-0,0,-0,0,-0,0,-0,0,-0,0,-0,0,-0,0,-0,0,-0,0,-0,0,-0,0,-0,0,-0,0,-0,0,-0,0,-0,0,-0,0,-0,0,-0,0,-0,0,-0,0,-0,0,-0,0,-0,0,-0,0,-0,0,-0,0,-0,0,-0,0,-0,0,-0,0,-0,0,-0,0,-0,0,-0,0,-0,0,-0,0,-0,0,-0,0,-0,0,-0,0,-0,0,-0,0,-0,0,0,0
0,-0,0,-0,0,-0,0,-0,0,-0,0,-0,0,-0,0,-0,0,-0,0,-0,0,-0,0,-0,0,-0,0,-0,0,-0,0,-0,0,-0,0,-0,0,-0,0,-0,0,-0,0,-0,0,-0,0,-0,0,-0,0,-0,0,-0,0,-0,0,-0,0,-0,0,-0,0,-0,0,-0,0,-0,0,-0,0,-0,0,-0,0,-0,0,-0,0,-0,0,-0,2,-2,0,-0,0,-0,0,-0,0,-0,0,-0,0,-0,0,-0,0,-0,0,-0,0,-0,0,-0,0,-0,0,-0,0,-0,0,-0,0,-0,0,-0,0,-0,0,-0,0,-0,0,-0,0,-0,0,-0,0,-0,0,-0,0,-0,0,-0,0,-0,0,-0,0,-0,0,-0,0,-0,0,-0,0,-0,0,-0,0,-0,0,-0,0,-0,0,-0,0,-0,0,-0,0,-0,0,-0,0,-0,0,-0,0,-0,0,-0,0,-0,0,-0,0,-0,0,-0,0,-0,0,-0,0,-0,0,-0,0,-0,0,-0,0,0
-0,0,-0,0,-0,0,-0,0,-0,0,-0,0,-0,0,-0,0,-0,0,-0,0,-0,0,-0,0,-0,0,-0,0,-0,0,-0,0,-0,0,-0,0,-0,0,-0,0,-0,0,-0,0,-0,0,-0,0,-0,0,-0,0,-0,0,-0,0,-0,0,-0,0,-0,0,-0,0,-0,0,-0,0,-0,0,-0,0,-0,0,-0,0,-0,0,-0,0,-0,0,-2,2,-0,0,-0,0,-0,0,-0,0,-0,0,-0,0,-0,0,-0,0,-0,0,-0,0,-0,0,-0,0,-0,0,-0,0,-0,0,-0,0,-0,0,-0,0,-0,0,-0,0,-0,0,-0,0,-0,0,-0,0,-0,0,-0,0,-0,0,-0,0,-0,0,-0,0,-0,0,-0,0,-0,0,-0,0,-0,0,-0,0,-0,0,-0,0,-0,0,-0,0,-0,0,-0,0,-0,0,-0,0,-0,0,-0,0,-0,0,-0,0,-0,0,-0,0,-0,0,-0,0,-0,0,-0,0,-0,0,-0,0,-0,0,0,0
0,-0,0,-0,0,-0,0,-0,0,-0,0,-0,0,-0,0,-0,0,-0,0,-0,0,-0,0,-0,0,-0,0,-0,0,-0,0,-0,0,-0,0,-0,0,-0,0,-0,0,-0,0,-0,0,-0,0,-0,0,-0,0,-0,0,-0,0,-0,0,-0,0,-0,0,-0,0,-0,0,-0,0,-0,0,-0,0,-0,0,-0,0,-0,0,-0,0,-0,0,-0,0,-0,2,-2,0,-0,0,-0,0,-0,0,-0,0,-0,0,-0,0,-0,0,-0,0,-0,0,-0,0,-0,0,-0,0,-0,0,-0,0,-0,0,-0,0,-0,0,-0,0,-0,0,-0,0,-0,0,-0,0,-0,0,-0,0,-0,0,-0,0,-0,0,-0,0,-0,0,-0,0,-0,0,-0,0,-0,0,-0,0,-0,0,-0,0,-0,0,-0,0,-0,0,-0,0,-0,0,-0,0,-0,0,-0,0,-0,0,-0,0,-0,0,-0,0,-0,0,-0,0,-0,0,-0,0,-0,0,-0,0,-0,0,-0,0,0
-0,0,-0,0,-0,0,-0,0,-0,0,-0,0,-0,0,-0,0,-0,0,-0,0,-0,0,-0,0,-0,0,-0,0,-0,0,-0,0,-0,0,-0,0,-0,0,-0,0,-0,0,-0,0,-0,0,-0,0,-0,0,-0,0,-0,0,-0,0,-0,0,-0,0,-0,0,-0,0,-0,0,-0,0,-0,0,-0,0,-0,0,-0,0,-0,0,-0,0,-0,0,-0,0,-2,2,-0,0,-0,0,-0,0,-0,0,-0,0,-0,0,-0,0,-0,0,-0,0,-0,0,-0,0,-0,0,-0,0,-0,0,-0,0,-0,0,-0,0,-0,0,-0,0,-0,0,-0,0,-0,0,-0,0,-0,0,-0,0,-0,0,-0,0,-0,0,-0,0,-0,0,-0,0,-0,0,-0,0,-0,0,-0,0,-0,0,-0,0,-0,0,-0,0,-0,0,-0,0,-0,0,-0,0,-0,0,-0,0,-0,0,-0,0,-0,0,-0,0,-0,0,-0,0,-0,0,-0,0,-0,0,-0,0,-0,0,0,0
0,-0,0,-0,0,-0,0,-0,0,-0,0,-0,0,-0,0,-0,0,-0,0,-0,0,-0,0,-0,0,-0,0,-0,0,-0,0,-0,0,-0,0,-0,0,-0,0,-0,0,-0,0,-0,0,-0,0,-0,0,-0,0,-0,0,-0,0,-0,0,-0,0,-0,0,-0,0,-0,0,-0,0,-0,0,-0,0,-0,0,-0,0,-0,0,-0,0,-0,0,-0,0,-0,0,-0,2,-2,0,-0,0,-0,0,-0,0,-0,0,-0,0,-0,0,-0,0,-0,0,-0,0,-0,0,-0,0,-0,0,-0,0,-0,0,-0,0,-0,0,-0,0,-0,0,-0,0,-0,0,-0,0,-0,0,-0,0,-0,0,-0,0,-0,0,-0,0,-0,0,-0,0,-0,0,-0,0,-0,0,-0,0,-0,0,-0,0,-0,0,-0,0,-0,0,-0,0,-0,0,-0,0,-0,0,-0,0,-0,0,-0,0,-0,0,-0,0,-0,0,-0,0,-0,0,-0,0,-0,0,-0,0,-0,0,-0,0,0
-0,0,-0,0,-0,0,-0,0,-0,0,-0,0,-0,0,-0,0,-0,0,-0,0,-0,0,-0,0,-0,0,-0,0,-0,0,-0,0,-0,0,-0,0,-0,0,-0,0,-0,0,-0,0,-0,0,-0,0,-0,0,-0,0,-0,0,-0,0,-0,0,-0,0,-0,0,-0,0,-0,0,-0,0,-0,0,-0,0,-0,0,-0,0,-0,0,-0,0,-0,0,-0,0,-0,0,-2,2,-0,0,-0,0,-0,0,-0,0,-0,0,-0,0,-0,0,-0,0,-0,0,-0,0,-0,0,-0,0,-0,0,-0,0,-0,0,-0,0,-0,0,-0,0,-0,0,-0,0,-0,0,-0,0,-0,0,-0,0,-0,0,-0,0,-0,0,-0,0,-0,0,-0,0,-0,0,-0,0,-0,0,-0,0,-0,0,-0,0,-0,0,-0,0,-0,0,-0,0,-0,0,-0,0,-0,0,-0,0,-0,0,-0,0,-0,0,-0,0,-0,0,-0,0,-0,0,-0,0,-0,0,-0,0,-0,0,0,0
0,-0,0,-0,0,-0,0,-0,0,-0,0,-0,0,-0,0,-0,0,-0,0,-0,0,-0,0,-0,0,-0,0,-0,0,-0,0,-0,0,-0,0,-0,0,-0,0,-0,0,-0,0,-0,0,-0,0,-0,0,-0,0,-0,0,-0,0,-0,0,-0,0,-0,0,-0,0,-0,0,-0,0,-0,0,-0,0,-0,0,-0,0,-0,0,-0,0,-0,0,-0,0,-0,0,-0,0,-0,2,-2,0,-0,0,-0,0,-0,0,-0,0,-0,0,-0,0,-0,0,-0,0,-0,0,-0,0,-0,0,-0,0,-0,0,-0,0,-0,0,-0,0,-0,0,-0,0,-0,0,-0,0,-0,0,-0,0,-0,0,-0,0,-0,0,-0,0,-0,0,-0,0,-0,0,-0,0,-0,0,-0,0,-0,0,-0,0,-0,0,-0,0,-0,0,-0,0,-0,0,-0,0,-0,0,-0,0,-0,0,-0,0,-0,0,-0,0,-0,0,-0,0,-0,0,-0,0,-0,0,-0,0,-0,0,-0,0,0
-0,0,-0,0,-0,0,-0,0,-0,0,-0,0,-0,0,-0,0,-0,0,-0,0,-0,0,-0,0,-0,0,-0,0,-0,0,-0,0,-0,0,-0,0,-0,0,-0,0,-0,0,-0,0,-0,0,-0,0,-0,0,-0,0,-0,0,-0,0,-0,0,-0,0,-0,0,-0,0,-0,0,-0,0,-0,0,-0,0,-0,0,-0,0,-0,0,-0,0,-0,0,-0,0,-0,0,-0,0,-2,2,-0,0,-0,0,-0,0,-0,0,-0,0,-0,0,-0,0,-0,0,-0,0,-0,0,-0,0,-0,0,-0,0,-0,0,-0,0,-0,0,-0,0,-0,0,-0,0,-0,0,-0,0,-0,0,-0,0,-0,0,-0,0,-0,0,-0,0,-0,0,-0,0,-0,0,-0,0,-0,0,-0,0,-0,0,-0,0,-0,0,-0,0,-0,0,-0,0,-0,0,-0,0,-0,0,-0,0,-0,0,-0,0,-0,0,-0,0,-0,0,-0,0,-0,0,-0,0,-0,0,-0,0,-0,0,0,0
0,-0,0,-0,0,-0,0,-0,0,-0,0,-0,0,-0,0,-0,0,-0,0,-0,0,-0,0,-0,0,-0,0,-0,0,-0,0,-0,0,-0,0,-0,0,-0,0,-0,0,-0,0,-0,0,-0,0,-0,0,-0,0,-0,0,-0,0,-0,0,-0,0,-0,0,-0,0,-0,0,-0,0,-0,0,-0,0,-0,0,-0,0,-0,0,-0,0,-0,0,-0,0,-0,0,-0,0,-0,0,-0,2,-2,0,-0,0,-0,0,-0,0,-0,0,-0,0,-0,0,-0,0,-0,0,-0,0,-0,0,-0,0,-0,0,-0,0,-0,0,-0,0,-0,0,-0,0,-0,0,-0,0,-0,0,-0,0,-0,0,-0,0,-0,0,-0,0,-0,0,-0,0,-0,0,-0,0,-0,0,-0,0,-0,0,-0,0,-0,0,-0,0,-0,0,-0,0,-0,0,-0,0,-0,0,-0,0,-0,0,-0,0,-0,0,-0,0,-0,0,-0,0,-0,0,-0,0,-0,0,-0,0,-0,0,-0,0,0
-0,0,-0,0,-0,0,-0,0,-0,0,-0,0,-0,0,-0,0,-0,0,-0,0,-0,0,-0,0,-0,0,-0,0,-0,0,-0,0,-0,0,-0,0,-0,0,-0,0,-0,0,-0,0,-0,0,-0,0,-0,0,-0,0,-0,0,-0,0,-0,0,-0,0,-0,0,-0,0,-0,0,-0,0,-0,0,-0,0,-0,0,-0,0,-0,0,-0,0,-0,0,-0,0,-0,0,-0,0,-0,0,-2,2,-0,0,-0,0,-0,0,-0,0,-0,0,-0,0,-0,0,-0,0,-0,0,-0,0,-0,0,-0,0,-0,0,-0,0,-0,0,-0,0,-0,0,-0,0,-0,0,-0,0,-0,0,-0,0,-0,0,-0,0,-0,0,-0,0,-0,0,-0,0,-0,0,-0,0,-0,0,-0,0,-0,0,-0,0,-0,0,-0,0,-0,0,-0,0,-0,0,-0,0,-0,0,-0,0,-0,0,-0,0,-0,0,-0,0,-0,0,-0,0,-0,0,-0,0,-0,0,-0,0,-0,0,0,0
0,-0,0,-0,0,-0,0,-0,0,-0,0,-0,0,-0,0,-0,0,-0,0,-0,0,-0,0,-0,0,-0,0,-0,0,-0,0,-0,0,-0,0,-0,0,-0,0,-0,0,-0,0,-0,0,-0,0,-0,0,-0,0,-0,0,-0,0,-0,0,-0,0,-0,0,-0,0,-0,0,-0,0,-0,0,-0,0,-0,0,-0,0,-0,0,-0,0,-0,0,-0,0,-0,0,-0,0,-0,0,-0,0,-0,2,-2,0,-0,0,-0,0,-0,0,-0,0,-0,0,-0,0,-0,0,-0,0,-0,0,-0,0,-0,0,-0,0,-0,0,-0,0,-0,0,-0,0,-0,0,-0,0,-0,0,-0,0,-0,0,-0,0,-0,0,-0,0,-0,0,-0,0,-0,0,-0,0,-0,0,-0,0,-0,0,-0,0,-0,0,-0,0,-0,0,-0,0,-0,0,-0,0,-0,0,-0,0,-0,0,-0,0,-0,0,-0,0,-0,0,-0,0,-0,0,-0,0,-0,0,-0,0,-0,0,-0,0,0
-0,0,-0,0,-0,0,-0,0,-0,0,-0,0,-0,0,-0,0,-0,0,-0,0,-0,0,-0,0,-0,0,-0,0,-0,0,-0,0,-0,0,-0,0,-0,0,-0,0,-0,0,-0,0,-0,0,-0,0,-0,0,-0,0,-0,0,-0,0,-0,0,-0,0,-0,0,-0,0,-0,0,-0,0,-0,0,-0,0,-0,0,-0,0,-0,0,-0,0,-0,0,-0,0,-0,0,-0,0,-0,0,-0,0,-2,2,-0,0,-0,0,-0,0,-0,0,-0,0,-0,0,-0,0,-0,0,-0,0,-0,0,-0,0,-0,0,-0,0,-0,0,-0,0,-0,0,-0,0,-0,0,-0,0,-0,0,-0,0,-0,0,-0,0,-0,0,-0,0,-0,0,-0,0,-0,0,-0,0,-0,0,-0,0,-0,0,-0,0,-0,0,-0,0,-0,0,-0,0,-0,0,-0,0,-0,0,-0,0,-0,0,-0,0,-0,0,-0,0,-0,0,-0,0,-0,0,-0,0,-0,0,-0,0,-0,0,0,0
0,-0,0,-0,0,-0,0,-0,0,-0,0,-0,0,-0,0,-0,0,-0,0,-0,0,-0,0,-0,0,-0,0,-0,0,-0,0,-0,0,-0,0,-0,0,-0,0,-0,0,-0,0,-0,0,-0,0,-0,0,-0,0,-0,0,-0,0,-0,0,-0,0,-0,0,-0,0,-0,0,-0,0,-0,0,-0,0,-0,0,-0,0,-0,0,-0,0,-0,0,-0,0,-0,0,-0,0,-0,0,-0,0,-0,0,-0,2,-2,0,-0,0,-0,0,-0,0,-0,0,-0,0,-0,0,-0,0,-0,0,-0,0,-0,0,-0,0,-0,0,-0,0,-0,0,-0,0,-0,0,-0,0,-0,0,-0,0,-0,0,-0,0,-0,0,-0,0,-0,0,-0,0,-0,0,-0,0,-0,0,-0,0,-0,0,-0,0,-0,0,-0,0,-0,0,-0,0,-0,0,-0,0,-0,0,-0,0,-0,0,-0,0,-0,0,-0,0,-0,0,-0,0,-0,0,-0,0,-0,0,-0,0,-0,0,-0,0,0
-0,0,-0,0,-0,0,-0,0,-0,0,-0,0,-0,0,-0,0,-0,0,-0,0,-0,0,-0,0,-0,0,-0,0,-0,0,-0,0,-0,0,-0,0,-0,0,-0,0,-0,0,-0,0,-0,0,-0,0,-0,0,-0,0,-0,0,-0,0,-0,0,-0,0,-0,0,-0,0,-0,0,-0,0,-0,0,-0,0,-0,0,-0,0,-0,0,-0,0,-0,0,-0,0,-0,0,-0,0,-0,0,-0,0,-0,0,-2,2,-0,0,-0,0,-0,0,-0,0,-0,0,-0,0,-0,0,-0,0,-0,0,-0,0,-0,0,-0,0,-0,0,-0,0,-0,0,-0,0,-0,0,-0,0,-0,0,-0,0,-0,0,-0,0,-0,0,-0,0,-0,0,-0,0,-0,0,-0,0,-0,0,-0,0,-0,0,-0,0,-0,0,-0,0,-0,0,-0,0,-0,0,-0,0,-0,0,-0,0,-0,0,-0,0,-0,0,-0,0,-0,0,-0,0,-0,0,-0,0,-0,0,-0,0,-0,0,0,0
0,-0,0,-0,0,-0,0,-0,0,-0,0,-0,0,-0,0,-0,0,-0,0,-0,0,-0,0,-0,0,-0,0,-0,0,-0,0,-0,0,-0,0,-0,0,-0,0,-0,0,-0,0,-0,0,-0,0,-0,0,-0,0,-0,0,-0,0,-0,0,-0,0,-0,0,-0,0,-0,0,-0,0,-0,0,-0,0,-0,0,-0,0,-0,0,-0,0,-0,0,-0,0,-0,0,-0,0,-0,0,-0,0,-0,0,-0,0,-0,2,-2,0,-0,0,-0,0,-0,0,-0,0,-0,0,-0,0,-0,0,-0,0,-0,0,-0,0,-0,0,-0,0,-0,0,-0,0,-0,0,-0,0,-0,0,-0,0,-0,0,-0,0,-0,0,-0,0,-0,0,-0,0,-0,0,-0,0,-0,0,-0,0,-0,0,-0,0,-0,0,-0,0,-0,0,-0,0,-0,0,-0,0,-0,0,-0,0,-0,0,-0,0,-0,0,-0,0,-0,0,-0,0,-0,0,-0,0,-0,0,-0,0,-0,0,-0,0,0
-0,0,-0,0,-0,0,-0,0,-0,0,-0,0,-0,0,-0,0,-0,0,-0,0,-0,0,-0,0,-0,0,-0,0,-0,0,-0,0,-0,0,-0,0,-0,0,-0,0,-0,0,-0,0,-0,0,-0,0,-0,0,-0,0,-0,0,-0,0,-0,0,-0,0,-0,0,-0,0,-0,0,-0,0,-0,0,-0,0,-0,0,-0,0,-0,0,-0,0,-0,0,-0,0,-0,0,-0,0,-0,0,-0,0,-0,0,-0,0,-2,2,-0,0,-0,0,-0,0,-0,0,-0,0,-0,0,-0,0,-0,0,-0,0,-0,0,-0,0,-0,0,-0,0,-0,0,-0,0,-0,0,-0,0,-0,0,-0,0,-0,0,-0,0,-0,0,-0,0,-0,0,-0,0,-0,0,-0,0,-0,0,-0,0,-0,0,-0,0,-0,0,-0,0,-0,0,-0,0,-0,0,-0,0,-0,0,-0,0,-0,0,-0,0,-0,0,-0,0,-0,0,-0,0,-0,0,-0,0,-0,0,-0,0,-0,0,0,0
0,-0,0,-0,0,-0,0,-0,0,-0,0,-0,0,-0,0,-0,0,-0,0,-0,0,-0,0,-0,0,-0,0,-0,0,-0,0,-0,0,-0,0,-0,0,-0,0,-0,0,-0,0,-0,0,-0,0,-0,0,-0,0,-0,0,-0,0,-0,0,-0,0,-0,0,-0,0,-0,0,-0,0,-0,0,-0,0,-0,0,-0,0,-0,0,-0,0,-0,0,-0,0,-0,0,-0,0,-0,0,-0,0,-0,0,-0,0,-0,0,-0,2,-2,0,-0,0,-0,0,-0,0,-0,0,-0,0,-0,0,-0,0,-0,0,-0,0,-0,0,-0,0,-0,0,-0,0,-0,0,-0,0,-0,0,-0,0,-0,0,-0,0,-0,0,-0,0,-0,0,-0,0,-0,0,-0,0,-0,0,-0,0,-0,0,-0,0,-0,0,-0,0,-0,0,-0,0,-0,0,-0,0,-0,0,-0,0,-0,0,-0,0,-0,0,-0,0,-0,0,-0,0,-0,0,-0,0,-0,0,-0,0,-0,0,-0,0,0
-0,0,-0,0,-0,0,-0,0,-0,0,-0,0,-0,0,-0,0,-0,0,-0,0,-0,0,-0,0,-0,0,-0,0,-0,0,-0,0,-0,0,-0,0,-0,0,-0,0,-0,0,-0,0,-0,0,-0,0,-0,0,-0,0,-0,0,-0,0,-0,0,-0,0,-0,0,-0,0,-0,0,-0,0,-0,0,-0,0,-0,0,-0,0,-0,0,-0,0,-0,0,-0,0,-0,0,-0,0,-0,0,-0,0,-0,0,-0,0,-0,0,-2,2,-0,0,-0,0,-0,0,-0,0,-0,0,-0,0,-0,0,-0,0,-0,0,-0,0,-0,0,-0,0,-0,0,-0,0,-0,0,-0,0,-0,0,-0,0,-0,0,-0,0,-0,0,-0,0,-0,0,-0,0,-0,0,-0,0,-0,0,-0,0,-0,0,-0,0,-0,0,-0,0,-0,0,-0,0,-0,0,-0,0,-0,0,-0,0,-0,0,-0,0,-0,0,-0,0,-0,0,-0,0,-0,0,-0,0,-0,0,-0,0,-0,0,0,0
0,-0,0,-0,0,-0,0,-0,0,-0,0,-0,0,-0,0,-0,0,-0,0,-0,0,-0,0,-0,0,-0,0,-0,0,-0,0,-0,0,-0,0,-0,0,-0,0,-0,0,-0,0,-0,0,-0,0,-0,0,-0,0,-0,0,-0,0,-0,0,-0,0,-0,0,-0,0,-0,0,-0,0,-0,0,-0,0,-0,0,-0,0,-0,0,-0,0,-0,0,-0,0,-0,0,-0,0,-0,0,-0,0,-0,0,-0,0,-0,0,-0,0,-0,2,-2,0,-0,0,-0,0,-0,0,-0,0,-0,0,-0,0,-0,0,-0,0,-0,0,-0,0,-0,0,-0,0,-0,0,-0,0,-0,0,-0,0,-0,0,-0,0,-0,0,-0,0,-0,0,-0,0,-0,0,-0,0,-0,0,-0,0,-0,0,-0,0,-0,0,-0,0,-0,0,-0,0,-0,0,-0,0,-0,0,-0,0,-0,0,-0,0,-0,0,-0,0,-0,0,-0,0,-0,0,-0,0,-0,0,-0,0,-0,0,-0,0,0
-0,0,-0,0,-0,0,-0,0,-0,0,-0,0,-0,0,-0,0,-0,0,-0,0,-0,0,-0,0,-0,0,-0,0,-0,0,-0,0,-0,0,-0,0,-0,0,-0,0,-0,0,-0,0,-0,0,-0,0,-0,0,-0,0,-0,0,-0,0,-0,0,-0,0,-0,0,-0,0,-0,0,-0,0,-0,0,-0,0,-0,0,-0,0,-0,0,-0,0,-0,0,-0,0,-0,0,-0,0,-0,0,-0,0,-0,0,-0,0,-0,0,-0,0,-2,2,-0,0,-0,0,-0,0,-0,0,-0,0,-0,0,-0,0,-0,0,-0,0,-0,0,-0,0,-0,0,-0,0,-0,0,-0,0,-0,0,-0,0,-0,0,-0,0,-0,0,-0,0,-0,0,-0,0,-0,0,-0,0,-0,0,-0,0,-0,0,-0,0,-0,0,-0,0,-0,0,-0,0,-0,0,-0,0,-0,0,-0,0,-0,0,-0,0,-0,0,-0,0,-0,0,-0,0,-0,0,-0,0,-0,0,-0,0,-0,0,0,0
0,-0,0,-0,0,-0,0,-0,0,-0,0,-0,0,-0,0,-0,0,-0,0,-0,0,-0,0,-0,0,-0,0,-0,0,-0,0,-0,0,-0,0,-0,0,-0,0,-0,0,-0,0,-0,0,-0,0,-0,0,-0,0,-0,0,-0,0,-0,0,-0,0,-0,0,-0,0,-0,0,-0,0,-0,0,-0,0,-0,0,-0,0,-0,0,-0,0,-0,0,-0,0,-0,0,-0,0,-0,0,-0,0,-0,0,-0,0,-0,0,-0,0,-0,0,-0,2,-2,0,-0,0,-0,0,-0,0,-0,0,-0,0,-0,0,-0,0,-0,0,-0,0,-0,0,-0,0,-0,0,-0,0,-0,0,-0,0,-0,0,-0,0,-0,0,-0,0,-0,0,-0,0,-0,0,-0,0,-0,0,-0,0,-0,0,-0,0,-0,0,-0,0,-0,0,-0,0,-0,0,-0,0,-0,0,-0,0,-0,0,-0,0,-0,0,-0,0,-0,0,-0,0,-0,0,-0,0,-0,0,-0,0,-0,0,-0,0,0
-0,0,-0,0,-0,0,-0,0,-0,0,-0,0,-0,0,-0,0,-0,0,-0,0,-0,0,-0,0,-0,0,-0,0,-0,0,-0,0,-0,0,-0,0,-0,0,-0,0,-0,0,-0,0,-0,0,-0,0,-0,0,-0,0,-0,0,-0,0,-0,0,-0,0,-0,0,-0,0,-0,0,-0,0,-0,0,-0,0,-0,0,-0,0,-0,0,-0,0,-0,0,-0,0,-0,0,-0,0,-0,0,-0,0,-0,0,-0,0,-0,0,-0,0,-0,0,-2,2,-0,0,-0,0,-0,0,-0,0,-0,0,-0,0,-0,0,-0,0,-0,0,-0,0,-0,0,-0,0,-0,0,-0,0,-0,0,-0,0,-0,0,-0,0,-0,0,-0,0,-0,0,-0,0,-0,0,-0,0,-0,0,-0,0,-0,0,-0,0,-0,0,-0,0,-0,0,-0,0,-0,0,-0,0,-0,0,-0,0,-0,0,-0,0,-0,0,-0,0,-0,0,-0,0,-0,0,-0,0,-0,0,-0,0,-0,0,0,0
0,-0,0,-0,0,-0,0,-0,0,-0,0,-0,0,-0,0,-0,0,-0,0,-0,0,-0,0,-0,0,-0,0,-0,0,-0,0,-0,0,-0,0,-0,0,-0,0,-0,0,-0,0,-0,0,-0,0,-0,0,-0,0,-0,0,-0,0,-0,0,-0,0,-0,0,-0,0,-0,0,-0,0,-0,0,-0,0,-0,0,-0,0,-0,0,-0,0,-0,0,-0,0,-0,0,-0,0,-0,0,-0,0,-0,0,-0,0,-0,0,-0,0,-0,0,-0,0,-0,2,-2,0,-0,0,-0,0,-0,0,-0,0,-0,0,-0,0,-0,0,-0,0,-0,0,-0,0,-0,0,-0,0,-0,0,-0,0,-0,0,-0,0,-0,0,-0,0,-0,0,-0,0,-0,0,-0,0,-0,0,-0,0,-0,0,-0,0,-0,0,-0,0,-0,0,-0,0,-0,0,-0,0,-0,0,-0,0,-0,0,-0,0,-0,0,-0,0,-0,0,-0,0,-0,0,-0,0,-0,0,-0,0,-0,0,-0,0,0
-0,0,-0,0,-0,0,-0,0,-0,0,-0,0,-0,0,-0,0,-0,0,-0,0,-0,0,-0,0,-0,0,-0,0,-0,0,-0,0,-0,0,-0,0,-0,0,-0,0,-0,0,-0,0,-0,0,-0,0,-0,0,-0,0,-0,0,-0,0,-0,0,-0,0,-0,0,-0,0,-0,0,-0,0,-0,0,-0,0,-0,0,-0,0,-0,0,-0,0,-0,0,-0,0,-0,0,-0,0,-0,0,-0,0,-0,0,-0,0,-0,0,-0,0,-0,0,-0,0,-2,2,-0,0,-0,0,-0,0,-0,0,-0,0,-0,0,-0,0,-0,0,-0,0,-0,0,-0,0,-0,0,-0,0,-0,0,-0,0,-0,0,-0,0,-0,0,-0,0,-0,0,-0,0,-0,0,-0,0,-0,0,-0,0,-0,0,-0,0,-0,0,-0,0,-0,0,-0,0,-0,0,-0,0,-0,0,-0,0,-0,0,-0,0,-0,0,-0,0,-0,0,-0,0,-0,0,-0,0,-0,0,-0,0,-0,0,0,0
0,-0,0,-0,0,-0,0,-0,0,-0,0,-0,0,-0,0,-0,0,-0,0,-0,0,-0,0,-0,0,-0,0,-0,0,-0,0,-0,0,-0,0,-0,0,-0,0,-0,0,-0,0,-0,0,-0,0,-0,0,-0,0,-0,0,-0,0,-0,0,-0,0,-0,0,-0,0,-0,0,-0,0,-0,0,-0,0,-0,0,-0,0,-0,0,-0,0,-0,0,-0,0,-0,0,-0,0,-0,0,-0,0,-0,0,-0,0,-0,0,-0,0,-0,0,-0,0,-0,0,-0,2,-2,0,-0,0,-0,0,-0,0,-0,0,-0,0,-0,0,-0,0,-0,0,-0,0,-0,0,-0,0,-0,0,-0,0,-0,0,-0,0,-0,0,-0,0,-0,0,-0,0,-0,0,-0,0,-0,0,-0,0,-0,0,-0,0,-0,0,-0,0,-0,0,-0,0,-0,0,-0,0,-0,0,-0,0,-0,0,-0,0,-0,0,-0,0,-0,0,-0,0,-0,0,-0,0,-0,0,-0,0,-0,0,-0,0,0
-0,0,-0,0,-0,0,-0,0,-0,0,-0,0,-0,0,-0,0,-0,0,-0,0,-0,0,-0,0,-0,0,-0,0,-0,0,-0,0,-0,0,-0,0,-0,0,-0,0,-0,0,-0,0,-0,0,-0,0,-0,0,-0,0,-0,0,-0,0,-0,0,-0,0,-0,0,-0,0,-0,0,-0,0,-0,0,-0,0,-0,0,-0,0,-0,0,-0,0,-0,0,-0,0,-0,0,-0,0,-0,0,-0,0,-0,0,-0,0,-0,0,-0,0,-0,0,-0,0,-0,0,-2,2,-0,0,-0,0,-0,0,-0,0,-0,0,-0,0,-0,0,-0,0,-0,0,-0,0,-0,0,-0,0,-0,0,-0,0,-0,0,-0,0,-0,0,-0,0,-0,0,-0,0,-0,0,-0,0,-0,0,-0,0,-0,0,-0,0,-0,0,-0,0,-0,0,-0,0,-0,0,-0,0,-0,0,-0,0,-0,0,-0,0,-0,0,-0,0,-0,0,-0,0,-0,0,-0,0,-0,0,-0,0,-0,0,0,0
0,-0,0,-0,0,-0,0,-0,0,-0,0,-0,0,-0,0,-0,0,-0,0,-0,0,-0,0,-0,0,-0,0,-0,0,-0,0,-0,0,-0,0,-0,0,-0,0,-0,0,-0,0,-0,0,-0,0,-0,0,-0,0,-0,0,-0,0,-0,0,-0,0,-0,0,-0,0,-0,0,-0,0,-0,0,-0,0,-0,0,-0,0,-0,0,-0,0,-0,0,-0,0,-0,0,-0,0,-0,0,-0,0,-0,0,-0,0,-0,0,-0,0,-0,0,-0,0,-0,0,-0,0,-0,2,-2,0,-0,0,-0,0,-0,0,-0,0,-0,0,-0,0,-0,0,-0,0,-0,0,-0,0,-0,0,-0,0,-0,0,-0,0,-0,0,-0,0,-0,0,-0,0,-0,0,-0,0,-0,0,-0,0,-0,0,-0,0,-0,0,-0,0,-0,0,-0,0,-0,0,-0,0,-0,0,-0,0,-0,0,-0,0,-0,0,-0,0,-0,0,-0,0,-0,0,-0,0,-0,0,-0,0,-0,0,-0,0,0
-0,0,-0,0,-0,0,-0,0,-0,0,-0,0,-0,0,-0,0,-0,0,-0,0,-0,0,-0,0,-0,0,-0,0,-0,0,-0,0,-0,0,-0,0,-0,0,-0,0,-0,0,-0,0,-0,0,-0,0,-0,0,-0,0,-0,0,-0,0,-0,0,-0,0,-0,0,-0,0,-0,0,-0,0,-0,0,-0,0,-0,0,-0,0,-0,0,-0,0,-0,0,-0,0,-0,0,-0,0,-0,0,-0,0,-0,0,-0,0,-0,0,-0,0,-0,0,-0,0,-0,0,-0,0,-2,2,-0,0,-0,0,-0,0,-0,0,-0,0,-0,0,-0,0,-0,0,-0,0,-0,0,-0,0,-0,0,-0,0,-0,0,-0,0,-0,0,-0,0,-0,0,-0,0,-0,0,-0,0,-0,0,-0,0,-0,0,-0,0,-0,0,-0,0,-0,0,-0,0,-0,0,-0,0,-0,0,-0,0,-0,0,-0,0,-0,0,-0,0,-0,0,-0,0,-0,0,-0,0,-0,0,-0,0,-0,0,0,0
0,-0,0,-0,0,-0,0,-0,0,-0,0,-0,0,-0,0,-0,0,-0,0,-0,0,-0,0,-0,0,-0,0,-0,0,-0,0,-0,0,-0,0,-0,0,-0,0,-0,0,-0,0,-0,0,-0,0,-0,0,-0,0,-0,0,-0,0,-0,0,-0,0,-0,0,-0,0,-0,0,-0,0,-0,0,-0,0,-0,0,-0,0,-0,0,-0,0,-0,0,-0,0,-0,0,-0,0,-0,0,-0,0,-0,0,-0,0,-0,0,-0,0,-0,0,-0,0,-0,0,-0,0,-0,0,-0,2,-2,0,-0,0,-0,0,-0,0,-0,0,-0,0,-0,0,-0,0,-0,0,-0,0,-0,0,-0,0,-0,0,-0,0,-0,0,-0,0,-0,0,-0,0,-0,0,-0,0,-0,0,-0,0,-0,0,-0,0,-0,0,-0,0,-0,0,-0,0,-0,0,-0,0,-0,0,-0,0,-0,0,-0,0,-0,0,-0,0,-0,0,-0,0,-0,0,-0,0,-0,0,-0,0,-0,0,-0,0,0
-0,0,-0,0,-0,0,-0,0,-0,0,-0,0,-0,0,-0,0,-0,0,-0,0,-0,0,-0,0,-0,0,-0,0,-0,0,-0,0,-0,0,-0,0,-0,0,-0,0,-0,0,-0,0,-0,0,-0,0,-0,0,-0,0,-0,0,-0,0,-0,0,-0,0,-0,0,-0,0,-0,0,-0,0,-0,0,-0,0,-0,0,-0,0,-0,0,-0,0,-0,0,-0,0,-0,0,-0,0,-0,0,-0,0,-0,0,-0,0,-0,0,-0,0,-0,0,-0,0,-0,0,-0,0,-0,0,-2,2,-0,0,-0,0,-0,0,-0,0,-0,0,-0,0,-0,0,-0,0,-0,0,-0,0,-0,0,-0,0,-0,0,-0,0,-0,0,-0,0,-0,0,-0,0,-0,0,-0,0,-0,0,-0,0,-0,0,-0,0,-0,0,-0,0,-0,0,-0,0,-0,0,-0,0,-0,0,-0,0,-0,0,-0,0,-0,0,-0,0,-0,0,-0,0,-0,0,-0,0,-0,0,-0,0,-0,0,0,0
0,-0,0,-0,0,-0,0,-0,0,-0,0,-0,0,-0,0,-0,0,-0,0,-0,0,-0,0,-0,0,-0,0,-0,0,-0,0,-0,0,-0,0,-0,0,-0,0,-0,0,-0,0,-0,0,-0,0,-0,0,-0,0,-0,0,-0,0,-0,0,-0,0,-0,0,-0,0,-0,0,-0,0,-0,0,-0,0,-0,0,-0,0,-0,0,-0,0,-0,0,-0,0,-0,0,-0,0,-0,0,-0,0,-0,0,-0,0,-0,0,-0,0,-0,0,-0,0,-0,0,-0,0,-0,0,-0,0,-0,2,-2,0,-0,0,-0,0,-0,0,-0,0,-0,0,-0,0,-0,0,-0,0,-0,0,-0,0,-0,0,-0,0,-0,0,-0,0,-0,0,-0,0,-0,0,-0,0,-0,0,-0,0,-0,0,-0,0,-0,0,-0,0,-0,0,-0,0,-0,0,-0,0,-0,0,-0,0,-0,0,-0,0,-0,0,-0,0,-0,0,-0,0,-0,0,-0,0,-0,0,-0,0,-0,0,-0,0,0
-0,0,-0,0,-0,0,-0,0,-0,0,-0,0,-0,0,-0,0,-0,0,-0,0,-0,0,-0,0,-0,0,-0,0,-0,0,-0,0,-0,0,-0,0,-0,0,-0,0,-0,0,-0,0,-0,0,-0,0,-0,0,-0,0,-0,0,-0,0,-0,0,-0,0,-0,0,-0,0,-0,0,-0,0,-0,0,-0,0,-0,0,-0,0,-0,0,-0,0,-0,0,-0,0,-0,0,-0,0,-0,0,-0,0,-0,0,-0,0,-0,0,-0,0,-0,0,-0,0,-0,0,-0,0,-0,0,-0,0,-2,2,-0,0,-0,0,-0,0,-0,0,-0,0,-0,0,-0,0,-0,0,-0,0,-0,0,-0,0,-0,0,-0,0,-0,0,-0,0,-0,0,-0,0,-0,0,-0,0,-0,0,-0,0,-0,0,-0,0,-0,0,-0,0,-0,0,-0,0,-0,0,-0,0,-0,0,-0,0,-0,0,-0,0,-0,0,-0,0,-0,0,-0,0,-0,0,-0,0,-0,0,-0,0,-0,0,0,0
0,-0,0,-0,0,-0,0,-0,0,-0,0,-0,0,-0,0,-0,0,-0,0,-0,0,-0,0,-0,0,-0,0,-0,0,-0,0,-0,0,-0,0,-0,0,-0,0,-0,0,-0,0,-0,0,-0,0,-0,0,-0,0,-0,0,-0,0,-0,0,-0,0,-0,0,-0,0,-0,0,-0,0,-0,0,-0,0,-0,0,-0,0,-0,0,-0,0,-0,0,-0,0,-0,0,-0,0,-0,0,-0,0,-0,0,-0,0,-0,0,-0,0,-0,0,-0,0,-0,0,-0,0,-0,0,-0,0,-0,0,-0,2,-2,0,-0,0,-0,0,-0,0,-0,0,-0,0,-0,0,-0,0,-0,0,-0,0,-0,0,-0,0,-0,0,-0,0,-0,0,-0,0,-0,0,-0,0,-0,0,-0,0,-0,0,-0,0,-0,0,-0,0,-0,0,-0,0,-0,0,-0,0,-0,0,-0,0,-0,0,-0,0,-0,0,-0,0,-0,0,-0,0,-0,0,-0,0,-0,0,-0,0,-0,0,-0,0,0
-0,0,-0,0,-0,0,-0,0,-0,0,-0,0,-0,0,-0,0,-0,0,-0,0,-0,0,-0,0,-0,0,-0,0,-0,0,-0,0,-0,0,-0,0,-0,0,-0,0,-0,0,-0,0,-0,0,-0,0,-0,0,-0,0,-0,0,-0,0,-0,0,-0,0,-0,0,-0,0,-0,0,-0,0,-0,0,-0,0,-0,0,-0,0,-0,0,-0,0,-0,0,-0,0,-0,0,-0,0,-0,0,-0,0,-0,0,-0,0,-0,0,-0,0,-0,0,-0,0,-0,0,-0,0,-0,0,-0,0,-0,0,-2,2,-0,0,-0,0,-0,0,-0,0,-0,0,-0,0,-0,0,-0,0,-0,0,-0,0,-0,0,-0,0,-0,0,-0,0,-0,0,-0,0,-0,0,-0,0,-0,0,-0,0,-0,0,-0,0,-0,0,-0,0,-0,0,-0,0,-0,0,-0,0,-0,0,-0,0,-0,0,-0,0,-0,0,-0,0,-0,0,-0,0,-0,0,-0,0,-0,0,-0,0,-0,0,0,0
0,-0,0,-0,0,-0,0,-0,0,-0,0,-0,0,-0,0,-0,0,-0,0,-0,0,-0,0,-0,0,-0,0,-0,0,-0,0,-0,0,-0,0,-0,0,-0,0,-0,0,-0,0,-0,0,-0,0,-0,0,-0,0,-0,0,-0,0,-0,0,-0,0,-0,0,-0,0,-0,0,-0,0,-0,0,-0,0,-0,0,-0,0,-0,0,-0,0,-0,0,-0,0,-0,0,-0,0,-0,0,-0,0,-0,0,-0,0,-0,0,-0,0,-0,0,-0,0,-0,0,-0,0,-0,0,-0,0,-0,0,-0,0,-0,2,-2,0,-0,0,-0,0,-0,0,-0,0,-0,0,-0,0,-0,0,-0,0,-0,0,-0,0,-0,0,-0,0,-0,0,-0,0,-0,0,-0,0,-0,0,-0,0,-0,0,-0,0,-0,0,-0,0,-0,0,-0,0,-0,0,-0,0,-0,0,-0,0,-0,0,-0,0,-0,0,-0,0,-0,0,-0,0,-0,0,-0,0,-0,0,-0,0,-0,0,-0,0,0
-0,0,-0,0,-0,0,-0,0,-0,0,-0,0,-0,0,-0,0,-0,0,-0,0,-0,0,-0,0,-0,0,-0,0,-0,0,-0,0,-0,0,-0,0,-0,0,-0,0,-0,0,-0,0,-0,0,-0,0,-0,0,-0,0,-0,0,-0,0,-0,0,-0,0,-0,0,-0,0,-0,0,-0,0,-0,0,-0,0,-0,0,-0,0,-0,0,-0,0,-0,0,-0,0,-0,0,-0,0,-0,0,-0,0,-0,0,-0,0,-0,0,-0,0,-0,0,-0,0,-0,0,-0,0,-0,0,-0,0,-0,0,-0,0,-2,2,-0,0,-0,0,-0,0,-0,0,-0,0,-0,0,-0,0,-0,0,-0,0,-0,0,-0,0,-0,0,-0,0,-0,0,-0,0,-0,0,-0,0,-0,0,-0,0,-0,0,-0,0,-0,0,-0,0,-0,0,-0,0,-0,0,-0,0,-0,0,-0,0,-0,0,-0,0,-0,0,-0,0,-0,0,-0,0,-0,0,-0,0,-0,0,-0,0,-0,0,0,0
0,-0,0,-0,0,-0,0,-0,0,-0,0,-0,0,-0,0,-0,0,-0,0,-0,0,-0,0,-0,0,-0,0,-0,0,-0,0,-0,0,-0,0,-0,0,-0,0,-0,0,-0,0,-0,0,-0,0,-0,0,-0,0,-0,0,-0,0,-0,0,-0,0,-0,0,-0,0,-0,0,-0,0,-0,0,-0,0,-0,0,-0,0,-0,0,-0,0,-0,0,-0,0,-0,0,-0,0,-0,0,-0,0,-0,0,-0,0,-0,0,-0,0,-0,0,-0,0,-0,0,-0,0,-0,0,-0,0,-0,0,-0,0,-0,0,-0,2,-2,0,-0,0,-0,0,-0,0,-0,0,-0,0,-0,0,-0,0,-0,0,-0,0,-0,0,-0,0,-0,0,-0,0,-0,0,-0,0,-0,0,-0,0,-0,0,-0,0,-0,0,-0,0,-0,0,-0,0,-0,0,-0,0,-0,0,-0,0,-0,0,-0,0,-0,0,-0,0,-0,0,-0,0,-0,0,-0,0,-0,0,-0,0,-0,0,-0,0,0
-0,0,-0,0,-0,0,-0,0,-0,0,-0,0,-0,0,-0,0,-0,0,-0,0,-0,0,-0,0,-0,0,-0,0,-0,0,-0,0,-0,0,-0,0,-0,0,-0,0,-0,0,-0,0,-0,0,-0,0,-0,0,-0,0,-0,0,-0,0,-0,0,-0,0,-0,0,-0,0,-0,0,-0,0,-0,0,-0,0,-0,0,-0,0,-0,0,-0,0,-0,0,-0,0,-0,0,-0,0,-0,0,-0,0,-0,0,-0,0,-0,0,-0,0,-0,0,-0,0,-0,0,-0,0,-0,0,-0,0,-0,0,-0,0,-0,0,-2,2,-0,0,-0,0,-0,0,-0,0,-0,0,-0,0,-0,0,-0,0,-0,0,-0,0,-0,0,-0,0,-0,0,-0,0,-0,0,-0,0,-0,0,-0,0,-0,0,-0,0,-0,0,-0,0,-0,0,-0,0,-0,0,-0,0,-0,0,-0,0,-0,0,-0,0,-0,0,-0,0,-0,0,-0,0,-0,0,-0,0,-0,0,-0,0,-0,0,0,0
0,-0,0,-0,0,-0,0,-0,0,-0,0,-0,0,-0,0,-0,0,-0,0,-0,0,-0,0,-0,0,-0,0,-0,0,-0,0,-0,0,-0,0,-0,0,-0,0,-0,0,-0,0,-0,0,-0,0,-0,0,-0,0,-0,0,-0,0,-0,0,-0,0,-0,0,-0,0,-0,0,-0,0,-0,0,-0,0,-0,0,-0,0,-0,0,-0,0,-0,0,-0,0,-0,0,-0,0,-0,0,-0,0,-0,0,-0,0,-0,0,-0,0,-0,0,-0,0,-0,0,-0,0,-0,0,-0,0,-0,0,-0,0,-0,0,-0,0,-0,2,-2,0,-0,0,-0,0,-0,0,-0,0,-0,0,-0,0,-0,0,-0,0,-0,0,-0,0,-0,0,-0,0,-0,0,-0,0,-0,0,-0,0,-0,0,-0,0,-0,0,-0,0,-0,0,-0,0,-0,0,-0,0,-0,0,-0,0,-0,0,-0,0,-0,0,-0,0,-0,0,-0,0,-0,0,-0,0,-0,0,-0,0,-0,0,-0,0,0
-0,0,-0,0,-0,0,-0,0,-0,0,-0,0,-0,0,-0,0,-0,0,-0,0,-0,0,-0,0,-0,0,-0,0,-0,0,-0,0,-0,0,-0,0,-0,0,-0,0,-0,0,-0,0,-0,0,-0,0,-0,0,-0,0,-0,0,-0,0,-0,0,-0,0,-0,0,-0,0,-0,0,-0,0,-0,0,-0,0,-0,0,-0,0,-0,0,-0,0,-0,0,-0,0,-0,0,-0,0,-0,0,-0,0,-0,0,-0,0,-0,0,-0,0,-0,0,-0,0,-0,0,-0,0,-0,0,-0,0,-0,0,-0,0,-0,0,-0,0,-2,2,-0,0,-0,0,-0,0,-0,0,-0,0,-0,0,-0,0,-0,0,-0,0,-0,0,-0,0,-0,0,-0,0,-0,0,-0,0,-0,0,-0,0,-0,0,-0,0,-0,0,-0,0,-0,0,-0,0,-0,0,-0,0,-0,0,-0,0,-0,0,-0,0,-0,0,-0,0,-0,0,-0,0,-0,0,-0,0,-0,0,-0,0,-0,0,0,0
0,-0,0,-0,0,-0,0,-0,0,-0,0,-0,0,-0,0,-0,0,-0,0,-0,0,-0,0,-0,0,-0,0,-0,0,-0,0,-0,0,-0,0,-0,0,-0,0,-0,0,-0,0,-0,0,-0,0,-0,0,-0,0,-0,0,-0,0,-0,0,-0,0,-0,0,-0,0,-0,0,-0,0,-0,0,-0,0,-0,0,-0,0,-0,0,-0,0,-0,0,-0,0,-0,0,-0,0,-0,0,-0,0,-0,0,-0,0,-0,0,-0,0,-0,0,-0,0,-0,0,-0,0,-0,0,-0,0,-0,0,-0,0,-0,0,-0,0,-0,0,-0,2,-2,0,-0,0,-0,0,-0,0,-0,0,-0,0,-0,0,-0,0,-0,0,-0,0,-0,0,-0,0,-0,0,-0,0,-0,0,-0,0,-0,0,-0,0,-0,0,-0,0,-0,0,-0,0,-0,0,-0,0,-0,0,-0,0,-0,0,-0,0,-0,0,-0,0,-0,0,-0,0,-0,0,-0,0,-0,0,-0,0,-0,0,-0,0,0
-0,0,-0,0,-0,0,-0,0,-0,0,-0,0,-0,0,-0,0,-0,0,-0,0,-0,0,-0,0,-0,0,-0,0,-0,0,-0,0,-0,0,-0,0,-0,0,-0,0,-0,0,-0,0,-0,0,-0,0,-0,0,-0,0,-0,0,-0,0,-0,0,-0,0,-0,0,-0,0,-0,0,-0,0,-0,0,-0,0,-0,0,-0,0,-0,0,-0,0,-0,0,-0,0,-0,0,-0,0,-0,0,-0,0,-0,0,-0,0,-0,0,-0,0,-0,0,-0,0,-0,0,-0,0,-0,0,-0,0,-0,0,-0,0,-0,0,-0,0,-0,0,-2,2,-0,0,-0,0,-0,0,-0,0,-0,0,-0,0,-0,0,-0,0,-0,0,-0,0,-0,0,-0,0,-0,0,-0,0,-0,0,-0,0,-0,0,-0,0,-0,0,-0,0,-0,0,-0,0,-0,0,-0,0,-0,0,-0,0,-0,0,-0,0,-0,0,-0,0,-0,0,-0,0,-0,0,-0,0,-0,0,-0,0,-0,0,0,0
0,-0,0,-0,0,-0,0,-0,0,-0,0,-0,0,-0,0,-0,0,-0,0,-0,0,-0,0,-0,0,-0,0,-0,0,-0,0,-0,0,-0,0,-0,0,-0,0,-0,0,-0,0,-0,0,-0,0,-0,0,-0,0,-0,0,-0,0,-0,0,-0,0,-0,0,-0,0,-0,0,-0,0,-0,0,-0,0,-0,0,-0,0,-0,0,-0,0,-0,0,-0,0,-0,0,-0,0,-0,0,-0,0,-0,0,-0,0,-0,0,-0,0,-0,0,-0,0,-0,0,-0,0,-0,0,-0,0,-0,0,-0,0,-0,0,-0,0,-0,0,-0,0,-0,2,-2,0,-0,0,-0,0,-0,0,-0,0,-0,0,-0,0,-0,0,-0,0,-0,0,-0,0,-0,0,-0,0,-0,0,-0,0,-0,0,-0,0,-0,0,-0,0,-0,0,-0,0,-0,0,-0,0,-0,0,-0,0,-0,0,-0,0,-0,0,-0,0,-0,0,-0,0,-0,0,-0,0,-0,0,-0,0,-0,0,-0,0,0
-0,0,-0,0,-0,0,-0,0,-0,0,-0,0,-0,0,-0,0,-0,0,-0,0,-0,0,-0,0,-0,0,-0,0,-0,0,-0,0,-0,0,-0,0,-0,0,-0,0,-0,0,-0,0,-0,0,-0,0,-0,0,-0,0,-0,0,-0,0,-0,0,-0,0,-0,0,-0,0,-0,0,-0,0,-0,0,-0,0,-0,0,-0,0,-0,0,-0,0,-0,0,-0,0,-0,0,-0,0,-0,0,-0,0,-0,0,-0,0,-0,0,-0,0,-0,0,-0,0,-0,0,-0,0,-0,0,-0,0,-0,0,-0,0,-0,0,-0,0,-0,0,-0,0,-2,2,-0,0,-0,0,-0,0,-0,0,-0,0,-0,0,-0,0,-0,0,-0,0,-0,0,-0,0,-0,0,-0,0,-0,0,-0,0,-0,0,-0,0,-0,0,-0,0,-0,0,-0,0,-0,0,-0,0,-0,0,-0,0,-0,0,-0,0,-0,0,-0,0,-0,0,-0,0,-0,0,-0,0,-0,0,-0,0,-0,0,0,0
0,-0,0,-0,0,-0,0,-0,0,-0,0,-0,0,-0,0,-0,0,-0,0,-0,0,-0,0,-0,0,-0,0,-0,0,-0,0,-0,0,-0,0,-0,0,-0,0,-0,0,-0,0,-0,0,-0,0,-0,0,-0,0,-0,0,-0,0,-0,0,-0,0,-0,0,-0,0,-0,0,-0,0,-0,0,-0,0,-0,0,-0,0,-0,0,-0,0,-0,0,-0,0,-0,0,-0,0,-0,0,-0,0,-0,0,-0,0,-0,0,-0,0,-0,0,-0,0,-0,0,-0,0,-0,0,-0,0,-0,0,-0,0,-0,0,-0,0,-0,0,-0,0,-0,0,-0,2,-2,0,-0,0,-0,0,-0,0,-0,0,-0,0,-0,0,-0,0,-0,0,-0,0,-0,0,-0,0,-0,0,-0,0,-0,0,-0,0,-0,0,-0,0,-0,0,-0,0,-0,0,-0,0,-0,0,-0,0,-0,0,-0,0,-0,0,-0,0,-0,0,-0,0,-0,0,-0,0,-0,0,-0,0,-0,0,-0,0,0
-0,0,-0,0,-0,0,-0,0,-0,0,-0,0,-0,0,-0,0,-0,0,-0,0,-0,0,-0,0,-0,0,-0,0,-0,0,-0,0,-0,0,-0,0,-0,0,-0,0,-0,0,-0,0,-0,0,-0,0,-0,0,-0,0,-0,0,-0,0,-0,0,-0,0,-0,0,-0,0,-0,0,-0,0,-0,0,-0,0,-0,0,-0,0,-0,0,-0,0,-0,0,-0,0,-0,0,-0,0,-0,0,-0,0,-0,0,-0,0,-0,0,-0,0,-0,0,-0,0,-0,0,-0,0,-0,0,-0,0,-0,0,-0,0,-0,0,-0,0,-0,0,-0,0,-0,0,-2,2,-0,0,-0,0,-0,0,-0,0,-0,0,-0,0,-0,0,-0,0,-0,0,-0,0,-0,0,-0,0,-0,0,-0,0,-0,0,-0,0,-0,0,-0,0,-0,0,-0,0,-0,0,-0,0,-0,0,-0,0,-0,0,-0,0,-0,0,-0,0,-0,0,-0,0,-0,0,-0,0,-0,0,-0,0,-0,0,0,0
0,-0,0,-0,0,-0,0,-0,0,-0,0,-0,0,-0,0,-0,0,-0,0,-0,0,-0,0,-0,0,-0,0,-0,0,-0,0,-0,0,-0,0,-0,0,-0,0,-0,0,-0,0,-0,0,-0,0,-0,0,-0,0,-0,0,-0,0,-0,0,-0,0,-0,0,-0,0,-0,0,-0,0,-0,0,-0,0,-0,0,-0,0,-0,0,-0,0,-0,0,-0,0,-0,0,-0,0,-0,0,-0,0,-0,0,-0,0,-0,0,-0,0,-0,0,-0,0,-0,0,-0,0,-0,0,-0,0,-0,0,-0,0,-0,0,-0,0,-0,0,-0,0,-0,0,-0,0,-0,2,-2,0,-0,0,-0,0,-0,0,-0,0,-0,0,-0,0,-0,0,-0,0,-0,0,-0,0,-0,0,-0,0,-0,0,-0,0,-0,0,-0,0,-0,0,-0,0,-0,0,-0,0,-0,0,-0,0,-0,0,-0,0,-0,0,-0,0,-0,0,-0,0,-0,0,-0,0,-0,0,-0,0,-0,0,-0,0,0
-0,0,-0,0,-0,0,-0,0,-0,0,-0,0,-0,0,-0,0,-0,0,-0,0,-0,0,-0,0,-0,0,-0,0,-0,0,-0,0,-0,0,-0,0,-0,0,-0,0,-0,0,-0,0,-0,0,-0,0,-0,0,-0,0,-0,0,-0,0,-0,0,-0,0,-0,0,-0,0,-0,0,-0,0,-0,0,-0,0,-0,0,-0,0,-0,0,-0,0,-0,0,-0,0,-0,0,-0,0,-0,0,-0,0,-0,0,-0,0,-0,0,-0,0,-0,0,-0,0,-0,0,-0,0,-0,0,-0,0,-0,0,-0,0,-0,0,-0,0,-0,0,-0,0,-0,0,-0,0,-2,2,-0,0,-0,0,-0,0,-0,0,-0,0,-0,0,-0,0,-0,0,-0,0,-0,0,-0,0,-0,0,-0,0,-0,0,-0,0,-0,0,-0,0,-0,0,-0,0,-0,0,-0,0,-0,0,-0,0,-0,0,-0,0,-0,0,-0,0,-0,0,-0,0,-0,0,-0,0,-0,0,-0,0,-0,0,0,0
0,-0,0,-0,0,-0,0,-0,0,-0,0,-0,0,-0,0,-0,0,-0,0,-0,0,-0,0,-0,0,-0,0,-0,0,-0,0,-0,0,-0,0,-0,0,-0,0,-0,0,-0,0,-0,0,-0,0,-0,0,-0,0,-0,0,-0,0,-0,0,-0,0,-0,0,-0,0,-0,0,-0,0,-0,0,-0,0,-0,0,-0,0,-0,0,-0,0,-0,0,-0,0,-0,0,-0,0,-0,0,-0,0,-0,0,-0,0,-0,0,-0,0,-0,0,-0,0,-0,0,-0,0,-0,0,-0,0,-0,0,-0,0,-0,0,-0,0,-0,0,-0,0,-0,0,-0,0,-0,0,-0,2,-2,0,-0,0,-0,0,-0,0,-0,0,-0,0,-0,0,-0,0,-0,0,-0,0,-0,0,-0,0,-0,0,-0,0,-0,0,-0,0,-0,0,-0,0,-0,0,-0,0,-0,0,-0,0,-0,0,-0,0,-0,0,-0,0,-0,0,-0,0,-0,0,-0,0,-0,0,-0,0,-0,0,-0,0,0
-0,0,-0,0,-0,0,-0,0,-0,0,-0,0,-0,0,-0,0,-0,0,-0,0,-0,0,-0,0,-0,0,-0,0,-0,0,-0,0,-0,0,-0,0,-0,0,-0,0,-0,0,-0,0,-0,0,-0,0,-0,0,-0,0,-0,0,-0,0,-0,0,-0,0,-0,0,-0,0,-0,0,-0,0,-0,0,-0,0,-0,0,-0,0,-0,0,-0,0,-0,0,-0,0,-0,0,-0,0,-0,0,-0,0,-0,0,-0,0,-0,0,-0,0,-0,0,-0,0,-0,0,-0,0,-0,0,-0,0,-0,0,-0,0,-0,0,-0,0,-0,0,-0,0,-0,0,-0,0,-0,0,-2,2,-0,0,-0,0,-0,0,-0,0,-0,0,-0,0,-0,0,-0,0,-0,0,-0,0,-0,0,-0,0,-0,0,-0,0,-0,0,-0,0,-0,0,-0,0,-0,0,-0,0,-0,0,-0,0,-0,0,-0,0,-0,0,-0,0,-0,0,-0,0,-0,0,-0,0,-0,0,-0,0,-0,0,0,0
0,-0,0,-0,0,-0,0,-0,0,-0,0,-0,0,-0,0,-0,0,-0,0,-0,0,-0,0,-0,0,-0,0,-0,0,-0,0,-0,0,-0,0,-0,0,-0,0,-0,0,-0,0,-0,0,-0,0,-0,0,-0,0,-0,0,-0,0,-0,0,-0,0,-0,0,-0,0,-0,0,-0,0,-0,0,-0,0,-0,0,-0,0,-0,0,-0,0,-0,0,-0,0,-0,0,-0,0,-0,0,-0,0,-0,0,-0,0,-0,0,-0,0,-0,0,-0,0,-0,0,-0,0,-0,0,-0,0,-0,0,-0,0,-0,0,-0,0,-0,0,-0,0,-0,0,-0,0,-0,0,-0,0,-0,2,-2,0,-0,0,-0,0,-0,0,-0,0,-0,0,-0,0,-0,0,-0,0,-0,0,-0,0,-0,0,-0,0,-0,0,-0,0,-0,0,-0,0,-0,0,-0,0,-0,0,-0,0,-0,0,-0,0,-0,0,-0,0,-0,0,-0,0,-0,0,-0,0,-0,0,-0,0,-0,0,-0,0,0
-0,0,-0,0,-0,0,-0,0,-0,0,-0,0,-0,0,-0,0,-0,0,-0,0,-0,0,-0,0,-0,0,-0,0,-0,0,-0,0,-0,0,-0,0,-0,0,-0,0,-0,0,-0,0,-0,0,-0,0,-0,0,-0,0,-0,0,-0,0,-0,0,-0,0,-0,0,-0,0,-0,0,-0,0,-0,0,-0,0,-0,0,-0,0,-0,0,-0,0,-0,0,-0,0,-0,0,-0,0,-0,0,-0,0,-0,0,-0,0,-0,0,-0,0,-0,0,-0,0,-0,0,-0,0,-0,0,-0,0,-0,0,-0,0,-0,0,-0,0,-0,0,-0,0,-0,0,-0,0,-0,0,-0,0,-2,2,-0,0,-0,0,-0,0,-0,0,-0,0,-0,0,-0,0,-0,0,-0,0,-0,0,-0,0,-0,0,-0,0,-0,0,-0,0,-0,0,-0,0,-0,0,-0,0,-0,0,-0,0,-0,0,-0,0,-0,0,-0,0,-0,0,-0,0,-0,0,-0,0,-0,0,-0,0,-0,0,0,0
0,-0,0,-0,0,-0,0,-0,0,-0,0,-0,0,-0,0,-0,0,-0,0,-0,0,-0,0,-0,0,-0,0,-0,0,-0,0,-0,0,-0,0,-0,0,-0,0,-0,0,-0,0,-0,0,-0,0,-0,0,-0,0,-0,0,-0,0,-0,0,-0,0,-0,0,-0,0,-0,0,-0,0,-0,0,-0,0,-0,0,-0,0,-0,0,-0,0,-0,0,-0,0,-0,0,-0,0,-0,0,-0,0,-0,0,-0,0,-0,0,-0,0,-0,0,-0,0,-0,0,-0,0,-0,0,-0,0,-0,0,-0,0,-0,0,-0,0,-0,0,-0,0,-0,0,-0,0,-0,0,-0,0,-0,0,-0,2,-2,0,-0,0,-0,0,-0,0,-0,0,-0,0,-0,0,-0,0,-0,0,-0,0,-0,0,-0,0,-0,0,-0,0,-0,0,-0,0,-0,0,-0,0,-0,0,-0,0,-0,0,-0,0,-0,0,-0,0,-0,0,-0,0,-0,0,-0,0,-0,0,-0,0,-0,0,-0,0,0
-0,0,-0,0,-0,0,-0,0,-0,0,-0,0,-0,0,-0,0,-0,0,-0,0,-0,0,-0,0,-0,0,-0,0,-0,0,-0,0,-0,0,-0,0,-0,0,-0,0,-0,0,-0,0,-0,0,-0,0,-0,0,-0,0,-0,0,-0,0,-0,0,-0,0,-0,0,-0,0,-0,0,-0,0,-0,0,-0,0,-0,0,-0,0,-0,0,-0,0,-0,0,-0,0,-0,0,-0,0,-0,0,-0,0,-0,0,-0,0,-0,0,-0,0,-0,0,-0,0,-0,0,-0,0,-0,0,-0,0,-0,0,-0,0,-0,0,-0,0,-0,0,-0,0,-0,0,-0,0,-0,0,-0,0,-0,0,-2,2,-0,0,-0,0,-0,0,-0,0,-0,0,-0,0,-0,0,-0,0,-0,0,-0,0,-0,0,-0,0,-0,0,-0,0,-0,0,-0,0,-0,0,-0,0,-0,0,-0,0,-0,0,-0,0,-0,0,-0,0,-0,0,-0,0,-0,0,-0,0,-0,0,-0,0,-0,0,0,0
0,-0,0,-0,0,-0,0,-0,0,-0,0,-0,0,-0,0,-0,0,-0,0,-0,0,-0,0,-0,0,-0,0,-0,0,-0,0,-0,0,-0,0,-0,0,-0,0,-0,0,-0,0,-0,0,-0,0,-0,0,-0,0,-0,0,-0,0,-0,0,-0,0,-0,0,-0,0,-0,0,-0,0,-0,0,-0,0,-0,0,-0,0,-0,0,-0,0,-0,0,-0,0,-0,0,-0,0,-0,0,-0,0,-0,0,-0,0,-0,0,-0,0,-0,0,-0,0,-0,0,-0,0,-0,0,-0,0,-0,0,-0,0,-0,0,-0,0,-0,0,-0,0,-0,0,-0,0,-0,0,-0,0,-0,0,-0,0,-0,2,-2,0,-0,0,-0,0,-0,0,-0,0,-0,0,-0,0,-0,0,-0,0,-0,0,-0,0,-0,0,-0,0,-0,0,-0,0,-0,0,-0,0,-0,0,-0,0,-0,0,-0,0,-0,0,-0,0,-0,0,-0,0,-0,0,-0,0,-0,0,-0,0,-0,0,-0,0,0
-0,0,-0,0,-0,0,-0,0,-0,0,-0,0,-0,0,-0,0,-0,0,-0,0,-0,0,-0,0,-0,0,-0,0,-0,0,-0,0,-0,0,-0,0,-0,0,-0,0,-0,0,-0,0,-0,0,-0,0,-0,0,-0,0,-0,0,-0,0,-0,0,-0,0,-0,0,-0,0,-0,0,-0,0,-0,0,-0,0,-0,0,-0,0,-0,0,-0,0,-0,0,-0,0,-0,0,-0,0,-0,0,-0,0,-0,0,-0,0,-0,0,-0,0,-0,0,-0,0,-0,0,-0,0,-0,0,-0,0,-0,0,-0,0,-0,0,-0,0,-0,0,-0,0,-0,0,-0,0,-0,0,-0,0,-0,0,-0,0,-2,2,-0,0,-0,0,-0,0,-0,0,-0,0,-0,0,-0,0,-0,0,-0,0,-0,0,-0,0,-0,0,-0,0,-0,0,-0,0,-0,0,-0,0,-0,0,-0,0,-0,0,-0,0,-0,0,-0,0,-0,0,-0,0,-0,0,-0,0,-0,0,-0,0,-0,0,0,0
0,-0,0,-0,0,-0,0,-0,0,-0,0,-0,0,-0,0,-0,0,-0,0,-0,0,-0,0,-0,0,-0,0,-0,0,-0,0,-0,0,-0,0,-0,0,-0,0,-0,0,-0,0,-0,0,-0,0,-0,0,-0,0,-0,0,-0,0,-0,0,-0,0,-0,0,-0,0,-0,0,-0,0,-0,0,-0,0,-0,0,-0,0,-0,0,-0,0,-0,0,-0,0,-0,0,-0,0,-0,0,-0,0,-0,0,-0,0,-0,0,-0,0,-0,0,-0,0,-0,0,-0,0,-0,0,-0,0,-0,0,-0,0,-0,0,-0,0,-0,0,-0,0,-0,0,-0,0,-0,0,-0,0,-0,0,-0,0,-0,0,-0,2,-2,0,-0,0,-0,0,-0,0,-0,0,-0,0,-0,0,-0,0,-0,0,-0,0,-0,0,-0,0,-0,0,-0,0,-0,0,-0,0,-0,0,-0,0,-0,0,-0,0,-0,0,-0,0,-0,0,-0,0,-0,0,-0,0,-0,0,-0,0,-0,0,-0,0,0
-0,0,-0,0,-0,0,-0,0,-0,0,-0,0,-0,0,-0,0,-0,0,-0,0,-0,0,-0,0,-0,0,-0,0,-0,0,-0,0,-0,0,-0,0,-0,0,-0,0,-0,0,-0,0,-0,0,-0,0,-0,0,-0,0,-0,0,-0,0,-0,0,-0,0,-0,0,-0,0,-0,0,-0,0,-0,0,-0,0,-0,0,-0,0,-0,0,-0,0,-0,0,-0,0,-0,0,-0,0,-0,0,-0,0,-0,0,-0,0,-0,0,-0,0,-0,0,-0,0,-0,0,-0,0,-0,0,-0,0,-0,0,-0,0,-0,0,-0,0,-0,0,-0,0,-0,0,-0,0,-0,0,-0,0,-0,0,-0,0,-0,0,-2,2,-0,0,-0,0,-0,0,-0,0,-0,0,-0,0,-0,0,-0,0,-0,0,-0,0,-0,0,-0,0,-0,0,-0,0,-0,0,-0,0,-0,0,-0,0,-0,0,-0,0,-0,0,-0,0,-0,0,-0,0,-0,0,-0,0,-0,0,-0,0,-0,0,0,0
0,-0,0,-0,0,-0,0,-0,0,-0,0,-0,0,-0,0,-0,0,-0,0,-0,0,-0,0,-0,0,-0,0,-0,0,-0,0,-0,0,-0,0,-0,0,-0,0,-0,0,-0,0,-0,0,-0,0,-0,0,-0,0,-0,0,-0,0,-0,0,-0,0,-0,0,-0,0,-0,0,-0,0,-0,0,-0,0,-0,0,-0,0,-0,0,-0,0,-0,0,-0,0,-0,0,-0,0,-0,0,-0,0,-0,0,-0,0,-0,0,-0,0,-0,0,-0,0,-0,0,-0,0,-0,0,-0,0,-0,0,-0,0,-0,0,-0,0,-0,0,-0,0,-0,0,-0,0,-0,0,-0,0,-0,0,-0,0,-0,0,-0,0,-0,2,-2,0,-0,0,-0,0,-0,0,-0,0,-0,0,-0,0,-0,0,-0,0,-0,0,-0,0,-0,0,-0,0,-0,0,-0,0,-0,0,-0,0,-0,0,-0,0,-0,0,-0,0,-0,0,-0,0,-0,0,-0,0,-0,0,-0,0,-0,0,-0,0,0
-0,0,-0,0,-0,0,-0,0,-0,0,-0,0,-0,0,-0,0,-0,0,-0,0,-0,0,-0,0,-0,0,-0,0,-0,0,-0,0,-0,0,-0,0,-0,0,-0,0,-0,0,-0,0,-0,0,-0,0,-0,0,-0,0,-0,0,-0,0,-0,0,-0,0,-0,0,-0,0,-0,0,-0,0,-0,0,-0,0,-0,0,-0,0,-0,0,-0,0,-0,0,-0,0,-0,0,-0,0,-0,0,-0,0,-0,0,-0,0,-0,0,-0,0,-0,0,-0,0,-0,0,-0,0,-0,0,-0,0,-0,0,-0,0,-0,0,-0,0,-0,0,-0,0,-0,0,-0,0,-0,0,-0,0,-0,0,-0,0,-0,0,-0,0,-2,2,-0,0,-0,0,-0,0,-0,0,-0,0,-0,0,-0,0,-0,0,-0,0,-0,0,-0,0,-0,0,-0,0,-0,0,-0,0,-0,0,-0,0,-0,0,-0,0,-0,0,-0,0,-0,0,-0,0,-0,0,-0,0,-0,0,-0,0,-0,0,0,0
0,-0,0,-0,0,-0,0,-0,0,-0,0,-0,0,-0,0,-0,0,-0,0,-0,0,-0,0,-0,0,-0,0,-0,0,-0,0,-0,0,-0,0,-0,0,-0,0,-0,0,-0,0,-0,0,-0,0,-0,0,-0,0,-0,0,-0,0,-0,0,-0,0,-0,0,-0,0,-0,0,-0,0,-0,0,-0,0,-0,0,-0,0,-0,0,-0,0,-0,0,-0,0,-0,0,-0,0,-0,0,-0,0,-0,0,-0,0,-0,0,-0,0,-0,0,-0,0,-0,0,-0,0,-0,0,-0,0,-0,0,-0,0,-0,0,-0,0,-0,0,-0,0,-0,0,-0,0,-0,0,-0,0,-0,0,-0,0,-0,0,-0,0,-0,0,-0,2,-2,0,-0,0,-0,0,-0,0,-0,0,-0,0,-0,0,-0,0,-0,0,-0,0,-0,0,-0,0,-0,0,-0,0,-0,0,-0,0,-0,0,-0,0,-0,0,-0,0,-0,0,-0,0,-0,0,-0,0,-0,0,-0,0,-0,0,-0,0,0
-0,0,-0,0,-0,0,-0,0,-0,0,-0,0,-0,0,-0,0,-0,0,-0,0,-0,0,-0,0,-0,0,-0,0,-0,0,-0,0,-0,0,-0,0,-0,0,-0,0,-0,0,-0,0,-0,0,-0,0,-0,0,-0,0,-0,0,-0,0,-0,0,-0,0,-0,0,-0,0,-0,0,-0,0,-0,0,-0,0,-0,0,-0,0,-0,0,-0,0,-0,0,-0,0,-0,0,-0,0,-0,0,-0,0,-0,0,-0,0,-0,0,-0,0,-0,0,-0,0,-0,0,-0,0,-0,0,-0,0,-0,0,-0,0,-0,0,-0,0,-0,0,-0,0,-0,0,-0,0,-0,0,-0,0,-0,0,-0,0,-0,0,-0,0,-0,0,-2,2,-0,0,-0,0,-0,0,-0,0,-0,0,-0,0,-0,0,-0,0,-0,0,-0,0,-0,0,-0,0,-0,0,-0,0,-0,0,-0,0,-0,0,-0,0,-0,0,-0,0,-0,0,-0,0,-0,0,-0,0,-0,0,-0,0,-0,0,0,0
0,-0,0,-0,0,-0,0,-0,0,-0,0,-0,0,-0,0,-0,0,-0,0,-0,0,-0,0,-0,0,-0,0,-0,0,-0,0,-0,0,-0,0,-0,0,-0,0,-0,0,-0,0,-0,0,-0,0,-0,0,-0,0,-0,0,-0,0,-0,0,-0,0,-0,0,-0,0,-0,0,-0,0,-0,0,-0,0,-0,0,-0,0,-0,0,-0,0,-0,0,-0,0,-0,0,-0,0,-0,0,-0,0,-0,0,-0,0,-0,0,-0,0,-0,0,-0,0,-0,0,-0,0,-0,0,-0,0,-0,0,-0,0,-0,0,-0,0,-0,0,-0,0,-0,0,-0,0,-0,0,-0,0,-0,0,-0,0,-0,0,-0,0,-0,0,-0,0,-0,2,-2,0,-0,0,-0,0,-0,0,-0,0,-0,0,-0,0,-0,0,-0,0,-0,0,-0,0,-0,0,-0,0,-0,0,-0,0,-0,0,-0,0,-0,0,-0,0,-0,0,-0,0,-0,0,-0,0,-0,0,-0,0,-0,0,-0,0,0
-0,0,-0,0,-0,0,-0,0,-0,0,-0,0,-0,0,-0,0,-0,0,-0,0,-0,0,-0,0,-0,0,-0,0,-0,0,-0,0,-0,0,-0,0,-0,0,-0,0,-0,0,-0,0,-0,0,-0,0,-0,0,-0,0,-0,0,-0,0,-0,0,-0,0,-0,0,-0,0,-0,0,-0,0,-0,0,-0,0,-0,0,-0,0,-0,0,-0,0,-0,0,-0,0,-0,0,-0,0,-0,0,-0,0,-0,0,-0,0,-0,0,-0,0,-0,0,-0,0,-0,0,-0,0,-0,0,-0,0,-0,0,-0,0,-0,0,-0,0,-0,0,-0,0,-0,0,-0,0,-0,0,-0,0,-0,0,-0,0,-0,0,-0,0,-0,0,-0,0,-2,2,-0,0,-0,0,-0,0,-0,0,-0,0,-0,0,-0,0,-0,0,-0,0,-0,0,-0,0,-0,0,-0,0,-0,0,-0,0,-0,0,-0,0,-0,0,-0,0,-0,0,-0,0,-0,0,-0,0,-0,0,-0,0,-0,0,0,0
0,-0,0,-0,0,-0,0,-0,0,-0,0,-0,0,-0,0,-0,0,-0,0,-0,0,-0,0,-0,0,-0,0,-0,0,-0,0,-0,0,-0,0,-0,0,-0,0,-0,0,-0,0,-0,0,-0,0,-0,0,-0,0,-0,0,-0,0,-0,0,-0,0,-0,0,-0,0,-0,0,-0,0,-0,0,-0,0,-0,0,-0,0,-0,0,-0,0,-0,0,-0,0,-0,0,-0,0,-0,0,-0,0,-0,0,-0,0,-0,0,-0,0,-0,0,-0,0,-0,0,-0,0,-0,0,-0,0,-0,0,-0,0,-0,0,-0,0,-0,0,-0,0,-0,0,-0,0,-0,0,-0,0,-0,0,-0,0,-0,0,-0,0,-0,0,-0,0,-0,0,-0,2,-2,0,-0,0,-0,0,-0,0,-0,0,-0,0,-0,0,-0,0,-0,0,-0,0,-0,0,-0,0,-0,0,-0,0,-0,0,-0,0,-0,0,-0,0,-0,0,-0,0,-0,0,-0,0,-0,0,-0,0,-0,0,-0,0,0
-0,0,-0,0,-0,0,-0,0,-0,0,-0,0,-0,0,-0,0,-0,0,-0,0,-0,0,-0,0,-0,0,-0,0,-0,0,-0,0,-0,0,-0,0,-0,0,-0,0,-0,0,-0,0,-0,0,-0,0,-0,0,-0,0,-0,0,-0,0,-0,0,-0,0,-0,0,-0,0,-0,0,-0,0,-0,0,-0,0,-0,0,-0,0,-0,0,-0,0,-0,0,-0,0,-0,0,-0,0,-0,0,-0,0,-0,0,-0,0,-0,0,-0,0,-0,0,-0,0,-0,0,-0,0,-0,0,-0,0,-0,0,-0,0,-0,0,-0,0,-0,0,-0,0,-0,0,-0,0,-0,0,-0,0,-0,0,-0,0,-0,0,-0,0,-0,0,-0,0,-0,0,-2,2,-0,0,-0,0,-0,0,-0,0,-0,0,-0,0,-0,0,-0,0,-0,0,-0,0,-0,0,-0,0,-0,0,-0,0,-0,0,-0,0,-0,0,-0,0,-0,0,-0,0,-0,0,-0,0,-0,0,-0,0,-0,0,0,0
0,-0,0,-0,0,-0,0,-0,0,-0,0,-0,0,-0,0,-0,0,-0,0,-0,0,-0,0,-0,0,-0,0,-0,0,-0,0,-0,0,-0,0,-0,0,-0,0,-0,0,-0,0,-0,0,-0,0,-0,0,-0,0,-0,0,-0,0,-0,0,-0,0,-0,0,-0,0,-0,0,-0,0,-0,0,-0,0,-0,0,-0,0,-0,0,-0,0,-0,0,-0,0,-0,0,-0,0,-0,0,-0,0,-0,0,-0,0,-0,0,-0,0,-0,0,-0,0,-0,0,-0,0,-0,0,-0,0,-0,0,-0,0,-0,0,-0,0,-0,0,-0,0,-0,0,-0,0,-0,0,-0,0,-0,0,-0,0,-0,0,-0,0,-0,0,-0,0,-0,0,-0,0,-0,2,-2,0,-0,0,-0,0,-0,0,-0,0,-0,0,-0,0,-0,0,-0,0,-0,0,-0,0,-0,0,-0,0,-0,0,-0,0,-0,0,-0,0,-0,0,-0,0,-0,0,-0,0,-0,0,-0,0,-0,0,-0,0,0
-0,0,-0,0,-0,0,-0,0,-0,0,-0,0,-0,0,-0,0,-0,0,-0,0,-0,0,-0,0,-0,0,-0,0,-0,0,-0,0,-0,0,-0,0,-0,0,-0,0,-0,0,-0,0,-0,0,-0,0,-0,0,-0,0,-0,0,-0,0,-0,0,-0,0,-0,0,-0,0,-0,0,-0,0,-0,0,-0,0,-0,0,-0,0,-0,0,-0,0,-0,0,-0,0,-0,0,-0,0,-0,0,-0,0,-0,0,-0,0,-0,0,-0,0,-0,0,-0,0,-0,0,-0,0,-0,0,-0,0,-0,0,-0,0,-0,0,-0,0,-0,0,-0,0,-0,0,-0,0,-0,0,-0,0,-0,0,-0,0,-0,0,-0,0,-0,0,-0,0,-0,0,-0,0,-2,2,-0,0,-0,0,-0,0,-0,0,-0,0,-0,0,-0,0,-0,0,-0,0,-0,0,-0,0,-0,0,-0,0,-0,0,-0,0,-0,0,-0,0,-0,0,-0,0,-0,0,-0,0,-0,0,-0,0,-0,0,0,0
0,-0,0,-0,0,-0,0,-0,0,-0,0,-0,0,-0,0,-0,0,-0,0,-0,0,-0,0,-0,0,-0,0,-0,0,-0,0,-0,0,-0,0,-0,0,-0,0,-0,0,-0,0,-0,0,-0,0,-0,0,-0,0,-0,0,-0,0,-0,0,-0,0,-0,0,-0,0,-0,0,-0,0,-0,0,-0,0,-0,0,-0,0,-0,0,-0,0,-0,0,-0,0,-0,0,-0,0,-0,0,-0,0,-0,0,-0,0,-0,0,-0,0,-0,0,-0,0,-0,0,-0,0,-0,0,-0,0,-0,0,-0,0,-0,0,-0,0,-0,0,-0,0,-0,0,-0,0,-0,0,-0,0,-0,0,-0,0,-0,0,-0,0,-0,0,-0,0,-0,0,-0,0,-0,0,-0,2,-2,0,-0,0,-0,0,-0,0,-0,0,-0,0,-0,0,-0,0,-0,0,-0,0,-0,0,-0,0,-0,0,-0,0,-0,0,-0,0,-0,0,-0,0,-0,0,-0,0,-0,0,-0,0,-0,0,-0,0,0
-0,0,-0,0,-0,0,-0,0,-0,0,-0,0,-0,0,-0,0,-0,0,-0,0,-0,0,-0,0,-0,0,-0,0,-0,0,-0,0,-0,0,-0,0,-0,0,-0,0,-0,0,-0,0,-0,0,-0,0,-0,0,-0,0,-0,0,-0,0,-0,0,-0,0,-0,0,-0,0,-0,0,-0,0,-0,0,-0,0,-0,0,-0,0,-0,0,-0,0,-0,0,-0,0,-0,0,-0,0,-0,0,-0,0,-0,0,-0,0,-0,0,-0,0,-0,0,-0,0,-0,0,-0,0,-0,0,-0,0,-0,0,-0,0,-0,0,-0,0,-0,0,-0,0,-0,0,-0,0,-0,0,-0,0,-0,0,-0,0,-0,0,-0,0,-0,0,-0,0,-0,0,-0,0,-0,0,-2,2,-0,0,-0,0,-0,0,-0,0,-0,0,-0,0,-0,0,-0,0,-0,0,-0,0,-0,0,-0,0,-0,0,-0,0,-0,0,-0,0,-0,0,-0,0,-0,0,-0,0,-0,0,-0,0,-0,0,0,0
0,-0,0,-0,0,-0,0,-0,0,-0,0,-0,0,-0,0,-0,0,-0,0,-0,0,-0,0,-0,0,-0,0,-0,0,-0,0,-0,0,-0,0,-0,0,-0,0,-0,0,-0,0,-0,0,-0,0,-0,0,-0,0,-0,0,-0,0,-0,0,-0,0,-0,0,-0,0,-0,0,-0,0,-0,0,-0,0,-0,0,-0,0,-0,0,-0,0,-0,0,-0,0,-0,0,-0,0,-0,0,-0,0,-0,0,-0,0,-0,0,-0,0,-0,0,-0,0,-0,0,-0,0,-0,0,-0,0,-0,0,-0,0,-0,0,-0,0,-0,0,-0,0,-0,0,-0,0,-0,0,-0,0,-0,0,-0,0,-0,0,-0,0,-0,0,-0,0,-0,0,-0,0,-0,0,-0,0,-0,2,-2,0,-0,0,-0,0,-0,0,-0,0,-0,0,-0,0,-0,0,-0,0,-0,0,-0,0,-0,0,-0,0,-0,0,-0,0,-0,0,-0,0,-0,0,-0,0,-0,0,-0,0,-0,0,-0,0,0
-0,0,-0,0,-0,0,-0,0,-0,0,-0,0,-0,0,-0,0,-0,0,-0,0,-0,0,-0,0,-0,0,-0,0,-0,0,-0,0,-0,0,-0,0,-0,0,-0,0,-0,0,-0,0,-0,0,-0,0,-0,0,-0,0,-0,0,-0,0,-0,0,-0,0,-0,0,-0,0,-0,0,-0,0,-0,0,-0,0,-0,0,-0,0,-0,0,-0,0,-0,0,-0,0,-0,0,-0,0,-0,0,-0,0,-0,0,-0,0,-0,0,-0,0,-0,0,-0,0,-0,0,-0,0,-0,0,-0,0,-0,0,-0,0,-0,0,-0,0,-0,0,-0,0,-0,0,-0,0,-0,0,-0,0,-0,0,-0,0,-0,0,-0,0,-0,0,-0,0,-0,0,-0,0,-0,0,-0,0,-2,2,-0,0,-0,0,-0,0,-0,0,-0,0,-0,0,-0,0,-0,0,-0,0,-0,0,-0,0,-0,0,-0,0,-0,0,-0,0,-0,0,-0,0,-0,0,-0,0,-0,0,-0,0,-0,0,0,0
0,-0,0,-0,0,-0,0,-0,0,-0,0,-0,0,-0,0,-0,0,-0,0,-0,0,-0,0,-0,0,-0,0,-0,0,-0,0,-0,0,-0,0,-0,0,-0,0,-0,0,-0,0,-0,0,-0,0,-0,0,-0,0,-0,0,-0,0,-0,0,-0,0,-0,0,-0,0,-0,0,-0,0,-0,0,-0,0,-0,0,-0,0,-0,0,-0,0,-0,0,-0,0,-0,0,-0,0,-0,0,-0,0,-0,0,-0,0,-0,0,-0,0,-0,0,-0,0,-0,0,-0,0,-0,0,-0,0,-0,0,-0,0,-0,0,-0,0,-0,0,-0,0,-0,0,-0,0,-0,0,-0,0,-0,0,-0,0,-0,0,-0,0,-0,0,-0,0,-0,0,-0,0,-0,0,-0,0,-0,0,-0,2,-2,0,-0,0,-0,0,-0,0,-0,0,-0,0,-0,0,-0,0,-0,0,-0,0,-0,0,-0,0,-0,0,-0,0,-0,0,-0,0,-0,0,-0,0,-0,0,-0,0,-0,0,-0,0,0
-0,0,-0,0,-0,0,-0,0,-0,0,-0,0,-0,0,-0,0,-0,0,-0,0,-0,0,-0,0,-0,0,-0,0,-0,0,-0,0,-0,0,-0,0,-0,0,-0,0,-0,0,-0,0,-0,0,-0,0,-0,0,-0,0,-0,0,-0,0,-0,0,-0,0,-0,0,-0,0,-0,0,-0,0,-0,0,-0,0,-0,0,-0,0,-0,0,-0,0,-0,0,-0,0,-0,0,-0,0,-0,0,-0,0,-0,0,-0,0,-0,0,-0,0,-0,0,-0,0,-0,0,-0,0,-0,0,-0,0,-0,0,-0,0,-0,0,-0,0,-0,0,-0,0,-0,0,-0,0,-0,0,-0,0,-0,0,-0,0,-0,0,-0,0,-0,0,-0,0,-0,0,-0,0,-0,0,-0,0,-0,0,-2,2,-0,0,-0,0,-0,0,-0,0,-0,0,-0,0,-0,0,-0,0,-0,0,-0,0,-0,0,-0,0,-0,0,-0,0,-0,0,-0,0,-0,0,-0,0,-0,0,-0,0,-0,0,0,0
0,-0,0,-0,0,-0,0,-0,0,-0,0,-0,0,-0,0,-0,0,-0,0,-0,0,-0,0,-0,0,-0,0,-0,0,-0,0,-0,0,-0,0,-0,0,-0,0,-0,0,-0,0,-0,0,-0,0,-0,0,-0,0,-0,0,-0,0,-0,0,-0,0,-0,0,-0,0,-0,0,-0,0,-0,0,-0,0,-0,0,-0,0,-0,0,-0,0,-0,0,-0,0,-0,0,-0,0,-0,0,-0,0,-0,0,-0,0,-0,0,-0,0,-0,0,-0,0,-0,0,-0,0,-0,0,-0,0,-0,0,-0,0,-0,0,-0,0,-0,0,-0,0,-0,0,-0,0,-0,0,-0,0,-0,0,-0,0,-0,0,-0,0,-0,0,-0,0,-0,0,-0,0,-0,0,-0,0,-0,0,-0,0,-0,2,-2,0,-0,0,-0,0,-0,0,-0,0,-0,0,-0,0,-0,0,-0,0,-0,0,-0,0,-0,0,-0,0,-0,0,-0,0,-0,0,-0,0,-0,0,-0,0,-0,0,-0,0,0
-0,0,-0,0,-0,0,-0,0,-0,0,-0,0,-0,0,-0,0,-0,0,-0,0,-0,0,-0,0,-0,0,-0,0,-0,0,-0,0,-0,0,-0,0,-0,0,-0,0,-0,0,-0,0,-0,0,-0,0,-0,0,-0,0,-0,0,-0,0,-0,0,-0,0,-0,0,-0,0,-0,0,-0,0,-0,0,-0,0,-0,0,-0,0,-0,0,-0,0,-0,0,-0,0,-0,0,-0,0,-0,0,-0,0,-0,0,-0,0,-0,0,-0,0,-0,0,-0,0,-0,0,-0,0,-0,0,-0,0,-0,0,-0,0,-0,0,-0,0,-0,0,-0,0,-0,0,-0,0,-0,0,-0,0,-0,0,-0,0,-0,0,-0,0,-0,0,-0,0,-0,0,-0,0,-0,0,-0,0,-0,0,-0,0,-2,2,-0,0,-0,0,-0,0,-0,0,-0,0,-0,0,-0,0,-0,0,-0,0,-0,0,-0,0,-0,0,-0,0,-0,0,-0,0,-0,0,-0,0,-0,0,-0,0,-0,0,0,0
0,-0,0,-0,0,-0,0,-0,0,-0,0,-0,0,-0,0,-0,0,-0,0,-0,0,-0,0,-0,0,-0,0,-0,0,-0,0,-0,0,-0,0,-0,0,-0,0,-0,0,-0,0,-0,0,-0,0,-0,0,-0,0,-0,0,-0,0,-0,0,-0,0,-0,0,-0,0,-0,0,-0,0,-0,0,-0,0,-0,0,-0,0,-0,0,-0,0,-0,0,-0,0,-0,0,-0,0,-0,0,-0,0,-0,0,-0,0,-0,0,-0,0,-0,0,-0,0,-0,0,-0,0,-0,0,-0,0,-0,0,-0,0,-0,0,-0,0,-0,0,-0,0,-0,0,-0,0,-0,0,-0,0,-0,0,-0,0,-0,0,-0,0,-0,0,-0,0,-0,0,-0,0,-0,0,-0,0,-0,0,-0,0,-0,0,-0,2,-2,0,-0,0,-0,0,-0,0,-0,0,-0,0,-0,0,-0,0,-0,0,-0,0,-0,0,-0,0,-0,0,-0,0,-0,0,-0,0,-0,0,-0,0,-0,0,-0,0,0
-0,0,-0,0,-0,0,-0,0,-0,0,-0,0,-0,0,-0,0,-0,0,-0,0,-0,0,-0,0,-0,0,-0,0,-0,0,-0,0,-0,0,-0,0,-0,0,-0,0,-0,0,-0,0,-0,0,-0,0,-0,0,-0,0,-0,0,-0,0,-0,0,-0,0,-0,0,-0,0,-0,0,-0,0,-0,0,-0,0,-0,0,-0,0,-0,0,-0,0,-0,0,-0,0,-0,0,-0,0,-0,0,-0,0,-0,0,-0,0,-0,0,-0,0,-0,0,-0,0,-0,0,-0,0,-0,0,-0,0,-0,0,-0,0,-0,0,-0,0,-0,0,-0,0,-0,0,-0,0,-0,0,-0,0,-0,0,-0,0,-0,0,-0,0,-0,0,-0,0,-0,0,-0,0,-0,0,-0,0,-0,0,-0,0,-0,0,-2,2,-0,0,-0,0,-0,0,-0,0,-0,0,-0,0,-0,0,-0,0,-0,0,-0,0,-0,0,-0,0,-0,0,-0,0,-0,0,-0,0,-0,0,-0,0,-0,0,0,0
0,-0,0,-0,0,-0,0,-0,0,-0,0,-0,0,-0,0,-0,0,-0,0,-0,0,-0,0,-0,0,-0,0,-0,0,-0,0,-0,0,-0,0,-0,0,-0,0,-0,0,-0,0,-0,0,-0,0,-0,0,-0,0,-0,0,-0,0,-0,0,-0,0,-0,0,-0,0,-0,0,-0,0,-0,0,-0,0,-0,0,-0,0,-0,0,-0,0,-0,0,-0,0,-0,0,-0,0,-0,0,-0,0,-0,0,-0,0,-0,0,-0,0,-0,0,-0,0,-0,0,-0,0,-0,0,-0,0,-0,0,-0,0,-0,0,-0,0,-0,0,-0,0,-0,0,-0,0,-0,0,-0,0,-0,0,-0,0,-0,0,-0,0,-0,0,-0,0,-0,0,-0,0,-0,0,-0,0,-0,0,-0,0,-0,0,-0,0,-0,2,-2,0,-0,0,-0,0,-0,0,-0,0,-0,0,-0,0,-0,0,-0,0,-0,0,-0,0,-0,0,-0,0,-0,0,-0,0,-0,0,-0,0,-0,0,-0,0,0
-0,0,-0,0,-0,0,-0,0,-0,0,-0,0,-0,0,-0,0,-0,0,-0,0,-0,0,-0,0,-0,0,-0,0,-0,0,-0,0,-0,0,-0,0,-0,0,-0,0,-0,0,-0,0,-0,0,-0,0,-0,0,-0,0,-0,0,-0,0,-0,0,-0,0,-0,0,-0,0,-0,0,-0,0,-0,0,-0,0,-0,0,-0,0,-0,0,-0,0,-0,0,-0,0,-0,0,-0,0,-0,0,-0,0,-0,0,-0,0,-0,0,-0,0,-0,0,-0,0,-0,0,-0,0,-0,0,-0,0,-0,0,-0,0,-0,0,-0,0,-0,0,-0,0,-0,0,-0,0,-0,0,-0,0,-0,0,-0,0,-0,0,-0,0,-0,0,-0,0,-0,0,-0,0,-0,0,-0,0,-0,0,-0,0,-0,0,-0,0,-2,2,-0,0,-0,0,-0,0,-0,0,-0,0,-0,0,-0,0,-0,0,-0,0,-0,0,-0,0,-0,0,-0,0,-0,0,-0,0,-0,0,-0,0,-0,0,0,0
0,-0,0,-0,0,-0,0,-0,0,-0,0,-0,0,-0,0,-0,0,-0,0,-0,0,-0,0,-0,0,-0,0,-0,0,-0,0,-0,0,-0,0,-0,0,-0,0,-0,0,-0,0,-0,0,-0,0,-0,0,-0,0,-0,0,-0,0,-0,0,-0,0,-0,0,-0,0,-0,0,-0,0,-0,0,-0,0,-0,0,-0,0,-0,0,-0,0,-0,0,-0,0,-0,0,-0,0,-0,0,-0,0,-0,0,-0,0,-0,0,-0,0,-0,0,-0,0,-0,0,-0,0,-0,0,-0,0,-0,0,-0,0,-0,0,-0,0,-0,0,-0,0,-0,0,-0,0,-0,0,-0,0,-0,0,-0,0,-0,0,-0,0,-0,0,-0,0,-0,0,-0,0,-0,0,-0,0,-0,0,-0,0,-0,0,-0,0,-0,0,-0,2,-2,0,-0,0,-0,0,-0,0,-0,0,-0,0,-0,0,-0,0,-0,0,-0,0,-0,0,-0,0,-0,0,-0,0,-0,0,-0,0,-0,0,-0,0,0
-0,0,-0,0,-0,0,-0,0,-0,0,-0,0,-0,0,-0,0,-0,0,-0,0,-0,0,-0,0,-0,0,-0,0,-0,0,-0,0,-0,0,-0,0,-0,0,-0,0,-0,0,-0,0,-0,0,-0,0,-0,0,-0,0,-0,0,-0,0,-0,0,-0,0,-0,0,-0,0,-0,0,-0,0,-0,0,-0,0,-0,0,-0,0,-0,0,-0,0,-0,0,-0,0,-0,0,-0,0,-0,0,-0,0,-0,0,-0,0,-0,0,-0,0,-0,0,-0,0,-0,0,-0,0,-0,0,-0,0,-0,0,-0,0,-0,0,-0,0,-0,0,-0,0,-0,0,-0,0,-0,0,-0,0,-0,0,-0,0,-0,0,-0,0,-0,0,-0,0,-0,0,-0,0,-0,0,-0,0,-0,0,-0,0,-0,0,-0,0,-0,0,-2,2,-0,0,-0,0,-0,0,-0,0,-0,0,-0,0,-0,0,-0,0,-0,0,-0,0,-0,0,-0,0,-0,0,-0,0,-0,0,-0,0,-0,0,0,0
0,-0,0,-0,0,-0,0,-0,0,-0,0,-0,0,-0,0,-0,0,-0,0,-0,0,-0,0,-0,0,-0,0,-0,0,-0,0,-0,0,-0,0,-0,0,-0,0,-0,0,-0,0,-0,0,-0,0,-0,0,-0,0,-0,0,-0,0,-0,0,-0,0,-0,0,-0,0,-0,0,-0,0,-0,0,-0,0,-0,0,-0,0,-0,0,-0,0,-0,0,-0,0,-0,0,-0,0,-0,0,-0,0,-0,0,-0,0,-0,0,-0,0,-0,0,-0,0,-0,0,-0,0,-0,0,-0,0,-0,0,-0,0,-0,0,-0,0,-0,0,-0,0,-0,0,-0,0,-0,0,-0,0,-0,0,-0,0,-0,0,-0,0,-0,0,-0,0,-0,0,-0,0,-0,0,-0,0,-0,0,-0,0,-0,0,-0,0,-0,0,-0,0,-0,2,-2,0,-0,0,-0,0,-0,0,-0,0,-0,0,-0,0,-0,0,-0,0,-0,0,-0,0,-0,0,-0,0,-0,0,-0,0,-0,0,-0,0,0
-0,0,-0,0,-0,0,-0,0,-0,0,-0,0,-0,0,-0,0,-0,0,-0,0,-0,0,-0,0,-0,0,-0,0,-0,0,-0,0,-0,0,-0,0,-0,0,-0,0,-0,0,-0,0,-0,0,-0,0,-0,0,-0,0,-0,0,-0,0,-0,0,-0,0,-0,0,-0,0,-0,0,-0,0,-0,0,-0,0,-0,0,-0,0,-0,0,-0,0,-0,0,-0,0,-0,0,-0,0,-0,0,-0,0,-0,0,-0,0,-0,0,-0,0,-0,0,-0,0,-0,0,-0,0,-0,0,-0,0,-0,0,-0,0,-0,0,-0,0,-0,0,-0,0,-0,0,-0,0,-0,0,-0,0,-0,0,-0,0,-0,0,-0,0,-0,0,-0,0,-0,0,-0,0,-0,0,-0,0,-0,0,-0,0,-0,0,-0,0,-0,0,-0,0,-2,2,-0,0,-0,0,-0,0,-0,0,-0,0,-0,0,-0,0,-0,0,-0,0,-0,0,-0,0,-0,0,-0,0,-0,0,-0,0,-0,0,0,0
0,-0,0,-0,0,-0,0,-0,0,-0,0,-0,0,-0,0,-0,0,-0,0,-0,0,-0,0,-0,0,-0,0,-0,0,-0,0,-0,0,-0,0,-0,0,-0,0,-0,0,-0,0,-0,0,-0,0,-0,0,-0,0,-0,0,-0,0,-0,0,-0,0,-0,0,-0,0,-0,0,-0,0,-0,0,-0,0,-0,0,-0,0,-0,0,-0,0,-0,0,-0,0,-0,0,-0,0,-0,0,-0,0,-0,0,-0,0,-0,0,-0,0,-0,0,-0,0,-0,0,-0,0,-0,0,-0,0,-0,0,-0,0,-0,0,-0,0,-0,0,-0,0,-0,0,-0,0,-0,0,-0,0,-0,0,-0,0,-0,0,-0,0,-0,0,-0,0,-0,0,-0,0,-0,0,-0,0,-0,0,-0,0,-0,0,-0,0,-0,0,-0,0,-0,0,-0,2,-2,0,-0,0,-0,0,-0,0,-0,0,-0,0,-0,0,-0,0,-0,0,-0,0,-0,0,-0,0,-0,0,-0,0,-0,0,-0,0,0
-0,0,-0,0,-0,0,-0,0,-0,0,-0,0,-0,0,-0,0,-0,0,-0,0,-0,0,-0,0,-0,0,-0,0,-0,0,-0,0,-0,0,-0,0,-0,0,-0,0,-0,0,-0,0,-0,0,-0,0,-0,0,-0,0,-0,0,-0,0,-0,0,-0,0,-0,0,-0,0,-0,0,-0,0,-0,0,-0,0,-0,0,-0,0,-0,0,-0,0,-0,0,-0,0,-0,0,-0,0,-0,0,-0,0,-0,0,-0,0,-0,0,-0,0,-0,0,-0,0,-0,0,-0,0,-0,0,-0,0,-0,0,-0,0,-0,0,-0,0,-0,0,-0,0,-0,0,-0,0,-0,0,-0,0,-0,0,-0,0,-0,0,-0,0,-0,0,-0,0,-0,0,-0,0,-0,0,-0,0,-0,0,-0,0,-0,0,-0,0,-0,0,-0,0,-0,0,-2,2,-0,0,-0,0,-0,0,-0,0,-0,0,-0,0,-0,0,-0,0,-0,0,-0,0,-0,0,-0,0,-0,0,-0,0,-0,0,0,0
0,-0,0,-0,0,-0,0,-0,0,-0,0,-0,0,-0,0,-0,0,-0,0,-0,0,-0,0,-0,0,-0,0,-0,0,-0,0,-0,0,-0,0,-0,0,-0,0,-0,0,-0,0,-0,0,-0,0,-0,0,-0,0,-0,0,-0,0,-0,0,-0,0,-0,0,-0,0,-0,0,-0,0,-0,0,-0,0,-0,0,-0,0,-0,0,-0,0,-0,0,-0,0,-0,0,-0,0,-0,0,-0,0,-0,0,-0,0,-0,0,-0,0,-0,0,-0,0,-0,0,-0,0,-0,0,-0,0,-0,0,-0,0,-0,0,-0,0,-0,0,-0,0,-0,0,-0,0,-0,0,-0,0,-0,0,-0,0,-0,0,-0,0,-0,0,-0,0,-0,0,-0,0,-0,0,-0,0,-0,0,-0,0,-0,0,-0,0,-0,0,-0,0,-0,0,-0,0,-0,2,-2,0,-0,0,-0,0,-0,0,-0,0,-0,0,-0,0,-0,0,-0,0,-0,0,-0,0,-0,0,-0,0,-0,0,-0,0,0
-0,0,-0,0,-0,0,-0,0,-0,0,-0,0,-0,0,-0,0,-0,0,-0,0,-0,0,-0,0,-0,0,-0,0,-0,0,-0,0,-0,0,-0,0,-0,0,-0,0,-0,0,-0,0,-0,0,-0,0,-0,0,-0,0,-0,0,-0,0,-0,0,-0,0,-0,0,-0,0,-0,0,-0,0,-0,0,-0,0,-0,0,-0,0,-0,0,-0,0,-0,0,-0,0,-0,0,-0,0,-0,0,-0,0,-0,0,-0,0,-0,0,-0,0,-0,0,-0,0,-0,0,-0,0,-0,0,-0,0,-0,0,-0,0,-0,0,-0,0,-0,0,-0,0,-0,0,-0,0,-0,0,-0,0,-0,0,-0,0,-0,0,-0,0,-0,0,-0,0,-0,0,-0,0,-0,0,-0,0,-0,0,-0,0,-0,0,-0,0,-0,0,-0,0,-0,0,-0,0,-2,2,-0,0,-0,0,-0,0,-0,0,-0,0,-0,0,-0,0,-0,0,-0,0,-0,0,-0,0,-0,0,-0,0,-0,0,0,0
0,-0,0,-0,0,-0,0,-0,0,-0,0,-0,0,-0,0,-0,0,-0,0,-0,0,-0,0,-0,0,-0,0,-0,0,-0,0,-0,0,-0,0,-0,0,-0,0,-0,0,-0,0,-0,0,-0,0,-0,0,-0,0,-0,0,-0,0,-0,0,-0,0,-0,0,-0,0,-0,0,-0,0,-0,0,-0,0,-0,0,-0,0,-0,0,-0,0,-0,0,-0,0,-0,0,-0,0,-0,0,-0,0,-0,0,-0,0,-0,0,-0,0,-0,0,-0,0,-0,0,-0,0,-0,0,-0,0,-0,0,-0,0,-0,0,-0,0,-0,0,-0,0,-0,0,-0,0,-0,0,-0,0,-0,0,-0,0,-0,0,-0,0,-0,0,-0,0,-0,0,-0,0,-0,0,-0,0,-0,0,-0,0,-0,0,-0,0,-0,0,-0,0,-0,0,-0,0,-0,0,-0,2,-2,0,-0,0,-0,0,-0,0,-0,0,-0,0,-0,0,-0,0,-0,0,-0,0,-0,0,-0,0,-0,0,-0,0,0
-0,0,-0,0,-0,0,-0,0,-0,0,-0,0,-0,0,-0,0,-0,0,-0,0,-0,0,-0,0,-0,0,-0,0,-0,0,-0,0,-0,0,-0,0,-0,0,-0,0,-0,0,-0,0,-0,0,-0,0,-0,0,-0,0,-0,0,-0,0,-0,0,-0,0,-0,0,-0,0,-0,0,-0,0,-0,0,-0,0,-0,0,-0,0,-0,0,-0,0,-0,0,-0,0,-0,0,-0,0,-0,0,-0,0,-0,0,-0,0,-0,0,-0,0,-0,0,-0,0,-0,0,-0,0,-0,0,-0,0,-0,0,-0,0,-0,0,-0,0,-0,0,-0,0,-0,0,-0,0,-0,0,-0,0,-0,0,-0,0,-0,0,-0,0,-0,0,-0,0,-0,0,-0,0,-0,0,-0,0,-0,0,-0,0,-0,0,-0,0,-0,0,-0,0,-0,0,-0,0,-0,0,-2,2,-0,0,-0,0,-0,0,-0,0,-0,0,-0,0,-0,0,-0,0,-0,0,-0,0,-0,0,-0,0,-0,0,0,0
0,-0,0,-0,0,-0,0,-0,0,-0,0,-0,0,-0,0,-0,0,-0,0,-0,0,-0,0,-0,0,-0,0,-0,0,-0,0,-0,0,-0,0,-0,0,-0,0,-0,0,-0,0,-0,0,-0,0,-0,0,-0,0,-0,0,-0,0,-0,0,-0,0,-0,0,-0,0,-0,0,-0,0,-0,0,-0,0,-0,0,-0,0,-0,0,-0,0,-0,0,-0,0,-0,0,-0,0,-0,0,-0,0,-0,0,-0,0,-0,0,-0,0,-0,0,-0,0,-0,0,-0,0,-0,0,-0,0,-0,0,-0,0,-0,0,-0,0,-0,0,-0,0,-0,0,-0,0,-0,0,-0,0,-0,0,-0,0,-0,0,-0,0,-0,0,-0,0,-0,0,-0,0,-0,0,-0,0,-0,0,-0,0,-0,0,-0,0,-0,0,-0,0,-0,0,-0,0,-0,0,-0,0,-0,2,-2,0,-0,0,-0,0,-0,0,-0,0,-0,0,-0,0,-0,0,-0,0,-0,0,-0,0,-0,0,-0,0,0
-0,0,-0,0,-0,0,-0,0,-0,0,-0,0,-0,0,-0,0,-0,0,-0,0,-0,0,-0,0,-0,0,-0,0,-0,0,-0,0,-0,0,-0,0,-0,0,-0,0,-0,0,-0,0,-0,0,-0,0,-0,0,-0,0,-0,0,-0,0,-0,0,-0,0,-0,0,-0,0,-0,0,-0,0,-0,0,-0,0,-0,0,-0,0,-0,0,-0,0,-0,0,-0,0,-0,0,-0,0,-0,0,-0,0,-0,0,-0,0,-0,0,-0,0,-0,0,-0,0,-0,0,-0,0,-0,0,-0,0,-0,0,-0,0,-0,0,-0,0,-0,0,-0,0,-0,0,-0,0,-0,0,-0,0,-0,0,-0,0,-0,0,-0,0,-0,0,-0,0,-0,0,-0,0,-0,0,-0,0,-0,0,-0,0,-0,0,-0,0,-0,0,-0,0,-0,0,-0,0,-0,0,-0,0,-2,2,-0,0,-0,0,-0,0,-0,0,-0,0,-0,0,-0,0,-0,0,-0,0,-0,0,-0,0,-0,0,0,0
0,-0,0,-0,0,-0,0,-0,0,-0,0,-0,0,-0,0,-0,0,-0,0,-0,0,-0,0,-0,0,-0,0,-0,0,-0,0,-0,0,-0,0,-0,0,-0,0,-0,0,-0,0,-0,0,-0,0,-0,0,-0,0,-0,0,-0,0,-0,0,-0,0,-0,0,-0,0,-0,0,-0,0,-0,0,-0,0,-0,0,-0,0,-0,0,-0,0,-0,0,-0,0,-0,0,-0,0,-0,0,-0,0,-0,0,-0,0,-0,0,-0,0,-0,0,-0,0,-0,0,-0,0,-0,0,-0,0,-0,0,-0,0,-0,0,-0,0,-0,0,-0,0,-0,0,-0,0,-0,0,-0,0,-0,0,-0,0,-0,0,-0,0,-0,0,-0,0,-0,0,-0,0,-0,0,-0,0,-0,0,-0,0,-0,0,-0,0,-0,0,-0,0,-0,0,-0,0,-0,0,-0,0,-0,0,-0,2,-2,0,-0,0,-0,0,-0,0,-0,0,-0,0,-0,0,-0,0,-0,0,-0,0,-0,0,-0,0,0
-0,0,-0,0,-0,0,-0,0,-0,0,-0,0,-0,0,-0,0,-0,0,-0,0,-0,0,-0,0,-0,0,-0,0,-0,0,-0,0,-0,0,-0,0,-0,0,-0,0,-0,0,-0,0,-0,0,-0,0,-0,0,-0,0,-0,0,-0,0,-0,0,-0,0,-0,0,-0,0,-0,0,-0,0,-0,0,-0,0,-0,0,-0,0,-0,0,-0,0,-0,0,-0,0,-0,0,-0,0,-0,0,-0,0,-0,0,-0,0,-0,0,-0,0,-0,0,-0,0,-0,0,-0,0,-0,0,-0,0,-0,0,-0,0,-0,0,-0,0,-0,0,-0,0,-0,0,-0,0,-0,0,-0,0,-0,0,-0,0,-0,0,-0,0,-0,0,-0,0,-0,0,-0,0,-0,0,-0,0,-0,0,-0,0,-0,0,-0,0,-0,0,-0,0,-0,0,-0,0,-0,0,-0,0,-0,0,-2,2,-0,0,-0,0,-0,0,-0,0,-0,0,-0,0,-0,0,-0,0,-0,0,-0,0,-0,0,0,0
0,-0,0,-0,0,-0,0,-0,0,-0,0,-0,0,-0,0,-0,0,-0,0,-0,0,-0,0,-0,0,-0,0,-0,0,-0,0,-0,0,-0,0,-0,0,-0,0,-0,0,-0,0,-0,0,-0,0,-0,0,-0,0,-0,0,-0,0,-0,0,-0,0,-0,0,-0,0,-0,0,-0,0,-0,0,-0,0,-0,0,-0,0,-0,0,-0,0,-0,0,-0,0,-0,0,-0,0,-0,0,-0,0,-0,0,-0,0,-0,0,-0,0,-0,0,-0,0,-0,0,-0,0,-0,0,-0,0,-0,0,-0,0,-0,0,-0,0,-0,0,-0,0,-0,0,-0,0,-0,0,-0,0,-0,0,-0,0,-0,0,-0,0,-0,0,-0,0,-0,0,-0,0,-0,0,-0,0,-0,0,-0,0,-0,0,-0,0,-0,0,-0,0,-0,0,-0,0,-0,0,-0,0,-0,0,-0,0,-0,2,-2,0,-0,0,-0,0,-0,0,-0,0,-0,0,-0,0,-0,0,-0,0,-0,0,-0,0,0
-0,0,-0,0,-0,0,-0,0,-0,0,-0,0,-0,0,-0,0,-0,0,-0,0,-0,0,-0,0,-0,0,-0,0,-0,0,-0,0,-0,0,-0,0,-0,0,-0,0,-0,0,-0,0,-0,0,-0,0,-0,0,-0,0,-0,0,-0,0,-0,0,-0,0,-0,0,-0,0,-0,0,-0,0,-0,0,-0,0,-0,0,-0,0,-0,0,-0,0,-0,0,-0,0,-0,0,-0,0,-0,0,-0,0,-0,0,-0,0,-0,0,-0,0,-0,0,-0,0,-0,0,-0,0,-0,0,-0,0,-0,0,-0,0,-0,0,-0,0,-0,0,-0,0,-0,0,-0,0,-0,0,-0,0,-0,0,-0,0,-0,0,-0,0,-0,0,-0,0,-0,0,-0,0,-0,0,-0,0,-0,0,-0,0,-0,0,-0,0,-0,0,-0,0,-0,0,-0,0,-0,0,-0,0,-0,0,-0,0,-2,2,-0,0,-0,0,-0,0,-0,0,-0,0,-0,0,-0,0,-0,0,-0,0,-0,0,0,0
0,-0,0,-0,0,-0,0,-0,0,-0,0,-0,0,-0,0,-0,0,-0,0,-0,0,-0,0,-0,0,-0,0,-0,0,-0,0,-0,0,-0,0,-0,0,-0,0,-0,0,-0,0,-0,0,-0,0,-0,0,-0,0,-0,0,-0,0,-0,0,-0,0,-0,0,-0,0,-0,0,-0,0,-0,0,-0,0,-0,0,-0,0,-0,0,-0,0,-0,0,-0,0,-0,0,-0,0,-0,0,-0,0,-0,0,-0,0,-0,0,-0,0,-0,0,-0,0,-0,0,-0,0,-0,0,-0,0,-0,0,-0,0,-0,0,-0,0,-0,0,-0,0,-0,0,-0,0,-0,0,-0,0,-0,0,-0,0,-0,0,-0,0,-0,0,-0,0,-0,0,-0,0,-0,0,-0,0,-0,0,-0,0,-0,0,-0,0,-0,0,-0,0,-0,0,-0,0,-0,0,-0,0,-0,0,-0,0,-0,0,-0,2,-2,0,-0,0,-0,0,-0,0,-0,0,-0,0,-0,0,-0,0,-0,0,-0,0,0
-0,0,-0,0,-0,0,-0,0,-0,0,-0,0,-0,0,-0,0,-0,0,-0,0,-0,0,-0,0,-0,0,-0,0,-0,0,-0,0,-0,0,-0,0,-0,0,-0,0,-0,0,-0,0,-0,0,-0,0,-0,0,-0,0,-0,0,-0,0,-0,0,-0,0,-0,0,-0,0,-0,0,-0,0,-0,0,-0,0,-0,0,-0,0,-0,0,-0,0,-0,0,-0,0,-0,0,-0,0,-0,0,-0,0,-0,0,-0,0,-0,0,-0,0,-0,0,-0,0,-0,0,-0,0,-0,0,-0,0,-0,0,-0,0,-0,0,-0,0,-0,0,-0,0,-0,0,-0,0,-0,0,-0,0,-0,0,-0,0,-0,0,-0,0,-0,0,-0,0,-0,0,-0,0,-0,0,-0,0,-0,0,-0,0,-0,0,-0,0,-0,0,-0,0,-0,0,-0,0,-0,0,-0,0,-0,0,-0,0,-0,0,-2,2,-0,0,-0,0,-0,0,-0,0,-0,0,-0,0,-0,0,-0,0,-0,0,0,0
0,-0,0,-0,0,-0,0,-0,0,-0,0,-0,0,-0,0,-0,0,-0,0,-0,0,-0,0,-0,0,-0,0,-0,0,-0,0,-0,0,-0,0,-0,0,-0,0,-0,0,-0,0,-0,0,-0,0,-0,0,-0,0,-0,0,-0,0,-0,0,-0,0,-0,0,-0,0,-0,0,-0,0,-0,0,-0,0,-0,0,-0,0,-0,0,-0,0,-0,0,-0,0,-0,0,-0,0,-0,0,-0,0,-0,0,-0,0,-0,0,-0,0,-0,0,-0,0,-0,0,-0,0,-0,0,-0,0,-0,0,-0,0,-0,0,-0,0,-0,0,-0,0,-0,0,-0,0,-0,0,-0,0,-0,0,-0,0,-0,0,-0,0,-0,0,-0,0,-0,0,-0,0,-0,0,-0,0,-0,0,-0,0,-0,0,-0,0,-0,0,-0,0,-0,0,-0,0,-0,0,-0,0,-0,0,-0,0,-0,0,-0,0,-0,2,-2,0,-0,0,-0,0,-0,0,-0,0,-0,0,-0,0,-0,0,-0,0,0
-0,0,-0,0,-0,0,-0,0,-0,0,-0,0,-0,0,-0,0,-0,0,-0,0,-0,0,-0,0,-0,0,-0,0,-0,0,-0,0,-0,0,-0,0,-0,0,-0,0,-0,0,-0,0,-0,0,-0,0,-0,0,-0,0,-0,0,-0,0,-0,0,-0,0,-0,0,-0,0,-0,0,-0,0,-0,0,-0,0,-0,0,-0,0,-0,0,-0,0,-0,0,-0,0,-0,0,-0,0,-0,0,-0,0,-0,0,-0,0,-0,0,-0,0,-0,0,-0,0,-0,0,-0,0,-0,0,-0,0,-0,0,-0,0,-0,0,-0,0,-0,0,-0,0,-0,0,-0,0,-0,0,-0,0,-0,0,-0,0,-0,0,-0,0,-0,0,-0,0,-0,0,-0,0,-0,0,-0,0,-0,0,-0,0,-0,0,-0,0,-0,0,-0,0,-0,0,-0,0,-0,0,-0,0,-0,0,-0,0,-0,0,-0,0,-2,2,-0,0,-0,0,-0,0,-0,0,-0,0,-0,0,-0,0,-0,0,0,0
0,-0,0,-0,0,-0,0,-0,0,-0,0,-0,0,-0,0,-0,0,-0,0,-0,0,-0,0,-0,0,-0,0,-0,0,-0,0,-0,0,-0,0,-0,0,-0,0,-0,0,-0,0,-0,0,-0,0,-0,0,-0,0,-0,0,-0,0,-0,0,-0,0,-0,0,-0,0,-0,0,-0,0,-0,0,-0,0,-0,0,-0,0,-0,0,-0,0,-0,0,-0,0,-0,0,-0,0,-0,0,-0,0,-0,0,-0,0,-0,0,-0,0,-0,0,-0,0,-0,0,-0,0,-0,0,-0,0,-0,0,-0,0,-0,0,-0,0,-0,0,-0,0,-0,0,-0,0,-0,0,-0,0,-0,0,-0,0,-0,0,-0,0,-0,0,-0,0,-0,0,-0,0,-0,0,-0,0,-0,0,-0,0,-0,0,-0,0,-0,0,-0,0,-0,0,-0,0,-0,0,-0,0,-0,0,-0,0,-0,0,-0,0,-0,0,-0,2,-2,0,-0,0,-0,0,-0,0,-0,0,-0,0,-0,0,-0,0,0
-0,0,-0,0,-0,0,-0,0,-0,0,-0,0,-0,0,-0,0,-0,0,-0,0,-0,0,-0,0,-0,0,-0,0,-0,0,-0,0,-0,0,-0,0,-0,0,-0,0,-0,0,-0,0,-0,0,-0,0,-0,0,-0,0,-0,0,-0,0,-0,0,-0,0,-0,0,-0,0,-0,0,-0,0,-0,0,-0,0,-0,0,-0,0,-0,0,-0,0,-0,0,-0,0,-0,0,-0,0,-0,0,-0,0,-0,0,-0,0,-0,0,-0,0,-0,0,-0,0,-0,0,-0,0,-0,0,-0,0,-0,0,-0,0,-0,0,-0,0,-0,0,-0,0,-0,0,-0,0,-0,0,-0,0,-0,0,-0,0,-0,0,-0,0,-0,0,-0,0,-0,0,-0,0,-0,0,-0,0,-0,0,-0,0,-0,0,-0,0,-0,0,-0,0,-0,0,-0,0,-0,0,-0,0,-0,0,-0,0,-0,0,-0,0,-0,0,-2,2,-0,0,-0,0,-0,0,-0,0,-0,0,-0,0,-0,0,0,0
0,-0,0,-0,0,-0,0,-0,0,-0,0,-0,0,-0,0,-0,0,-0,0,-0,0,-0,0,-0,0,-0,0,-0,0,-0,0,-0,0,-0,0,-0,0,-0,0,-0,0,-0,0,-0,0,-0,0,-0,0,-0,0,-0,0,-0,0,-0,0,-0,0,-0,0,-0,0,-0,0,-0,0,-0,0,-0,0,-0,0,-0,0,-0,0,-0,0,-0,0,-0,0,-0,0,-0,0,-0,0,-0,0,-0,0,-0,0,-0,0,-0,0,-0,0,-0,0,-0,0,-0,0,-0,0,-0,0,-0,0,-0,0,-0,0,-0,0,-0,0,-0,0,-0,0,-0,0,-0,0,-0,0,-0,0,-0,0,-0,0,-0,0,-0,0,-0,0,-0,0,-0,0,-0,0,-0,0,-0,0,-0,0,-0,0,-0,0,-0,0,-0,0,-0,0,-0,0,-0,0,-0,0,-0,0,-0,0,-0,0,-0,0,-0,0,-0,0,-0,2,-2,0,-0,0,-0,0,-0,0,-0,0,-0,0,-0,0,0
-0,0,-0,0,-0,0,-0,0,-0,0,-0,0,-0,0,-0,0,-0,0,-0,0,-0,0,-0,0,-0,0,-0,0,-0,0,-0,0,-0,0,-0,0,-0,0,-0,0,-0,0,-0,0,-0,0,-0,0,-0,0,-0,0,-0,0,-0,0,-0,0,-0,0,-0,0,-0,0,-0,0,-0,0,-0,0,-0,0,-0,0,-0,0,-0,0,-0,0,-0,0,-0,0,-0,0,-0,0,-0,0,-0,0,-0,0,-0,0,-0,0,-0,0,-0,0,-0,0,-0,0,-0,0,-0,0,-0,0,-0,0,-0,0,-0,0,-0,0,-0,0,-0,0,-0,0,-0,0,-0,0,-0,0,-0,0,-0,0,-0,0,-0,0,-0,0,-0,0,-0,0,-0,0,-0,0,-0,0,-0,0,-0,0,-0,0,-0,0,-0,0,-0,0,-0,0,-0,0,-0,0,-0,0,-0,0,-0,0,-0,0,-0,0,-0,0,-0,0,-2,2,-0,0,-0,0,-0,0,-0,0,-0,0,-0,0,0,0
0,-0,0,-0,0,-0,0,-0,0,-0,0,-0,0,-0,0,-0,0,-0,0,-0,0,-0,0,-0,0,-0,0,-0,0,-0,0,-0,0,-0,0,-0,0,-0,0,-0,0,-0,0,-0,0,-0,0,-0,0,-0,0,-0,0,-0,0,-0,0,-0,0,-0,0,-0,0,-0,0,-0,0,-0,0,-0,0,-0,0,-0,0,-0,0,-0,0,-0,0,-0,0,-0,0,-0,0,-0,0,-0,0,-0,0,-0,0,-0,0,-0,0,-0,0,-0,0,-0,0,-0,0,-0,0,-0,0,-0,0,-0,0,-0,0,-0,0,-0,0,-0,0,-0,0,-0,0,-0,0,-0,0,-0,0,-0,0,-0,0,-0,0,-0,0,-0,0,-0,0,-0,0,-0,0,-0,0,-0,0,-0,0,-0,0,-0,0,-0,0,-0,0,-0,0,-0,0,-0,0,-0,0,-0,0,-0,0,-0,0,-0,0,-0,0,-0,0,-0,0,-0,2,-2,0,-0,0,-0,0,-0,0,-0,0,-0,0,0
-0,0,-0,0,-0,0,-0,0,-0,0,-0,0,-0,0,-0,0,-0,0,-0,0,-0,0,-0,0,-0,0,-0,0,-0,0,-0,0,-0,0,-0,0,-0,0,-0,0,-0,0,-0,0,-0,0,-0,0,-0,0,-0,0,-0,0,-0,0,-0,0,-0,0,-0,0,-0,0,-0,0,-0,0,-0,0,-0,0,-0,0,-0,0,-0,0,-0,0,-0,0,-0,0,-0,0,-0,0,-0,0,-0,0,-0,0,-0,0,-0,0,-0,0,-0,0,-0,0,-0,0,-0,0,-0,0,-0,0,-0,0,-0,0,-0,0,-0,0,-0,0,-0,0,-0,0,-0,0,-0,0,-0,0,-0,0,-0,0,-0,0,-0,0,-0,0,-0,0,-0,0,-0,0,-0,0,-0,0,-0,0,-0,0,-0,0,-0,0,-0,0,-0,0,-0,0,-0,0,-0,0,-0,0,-0,0,-0,0,-0,0,-0,0,-0,0,-0,0,-0,0,-2,2,-0,0,-0,0,-0,0,-0,0,-0,0,0,0
0,-0,0,-0,0,-0,0,-0,0,-0,0,-0,0,-0,0,-0,0,-0,0,-0,0,-0,0,-0,0,-0,0,-0,0,-0,0,-0,0,-0,0,-0,0,-0,0,-0,0,-0,0,-0,0,-0,0,-0,0,-0,0,-0,0,-0,0,-0,0,-0,0,-0,0,-0,0,-0,0,-0,0,-0,0,-0,0,-0,0,-0,0,-0,0,-0,0,-0,0,-0,0,-0,0,-0,0,-0,0,-0,0,-0,0,-0,0,-0,0,-0,0,-0,0,-0,0,-0,0,-0,0,-0,0,-0,0,-0,0,-0,0,-0,0,-0,0,-0,0,-0,0,-0,0,-0,0,-0,0,-0,0,-0,0,-0,0,-0,0,-0,0,-0,0,-0,0,-0,0,-0,0,-0,0,-0,0,-0,0,-0,0,-0,0,-0,0,-0,0,-0,0,-0,0,-0,0,-0,0,-0,0,-0,0,-0,0,-0,0,-0,0,-0,0,-0,0,-0,0,-0,0,-0,2,-2,0,-0,0,-0,0,-0,0,-0,0,0
-0,0,-0,0,-0,0,-0,0,-0,0,-0,0,-0,0,-0,0,-0,0,-0,0,-0,0,-0,0,-0,0,-0,0,-0,0,-0,0,-0,0,-0,0,-0,0,-0,0,-0,0,-0,0,-0,0,-0,0,-0,0,-0,0,-0,0,-0,0,-0,0,-0,0,-0,0,-0,0,-0,0,-0,0,-0,0,-0,0,-0,0,-0,0,-0,0,-0,0,-0,0,-0,0,-0,0,-0,0,-0,0,-0,0,-0,0,-0,0,-0,0,-0,0,-0,0,-0,0,-0,0,-0,0,-0,0,-0,0,-0,0,-0,0,-0,0,-0,0,-0,0,-0,0,-0,0,-0,0,-0,0,-0,0,-0,0,-0,0,-0,0,-0,0,-0,0,-0,0,-0,0,-0,0,-0,0,-0,0,-0,0,-0,0,-0,0,-0,0,-0,0,-0,0,-0,0,-0,0,-0,0,-0,0,-0,0,-0,0,-0,0,-0,0,-0,0,-0,0,-0,0,-0,0,-2,2,-0,0,-0,0,-0,0,-0,0,0,0
0,-0,0,-0,0,-0,0,-0,0,-0,0,-0,0,-0,0,-0,0,-0,0,-0,0,-0,0,-0,0,-0,0,-0,0,-0,0,-0,0,-0,0,-0,0,-0,0,-0,0,-0,0,-0,0,-0,0,-0,0,-0,0,-0,0,-0,0,-0,0,-0,0,-0,0,-0,0,-0,0,-0,0,-0,0,-0,0,-0,0,-0,0,-0,0,-0,0,-0,0,-0,0,-0,0,-0,0,-0,0,-0,0,-0,0,-0,0,-0,0,-0,0,-0,0,-0,0,-0,0,-0,0,-0,0,-0,0,-0,0,-0,0,-0,0,-0,0,-0,0,-0,0,-0,0,-0,0,-0,0,-0,0,-0,0,-0,0,-0,0,-0,0,-0,0,-0,0,-0,0,-0,0,-0,0,-0,0,-0,0,-0,0,-0,0,-0,0,-0,0,-0,0,-0,0,-0,0,-0,0,-0,0,-0,0,-0,0,-0,0,-0,0,-0,0,-0,0,-0,0,-0,0,-0,0,-0,2,-2,0,-0,0,-0,0,-0,0,0
-0,0,-0,0,-0,0,-0,0,-0,0,-0,0,-0,0,-0,0,-0,0,-0,0,-0,0,-0,0,-0,0,-0,0,-0,0,-0,0,-0,0,-0,0,-0,0,-0,0,-0,0,-0,0,-0,0,-0,0,-0,0,-0,0,-0,0,-0,0,-0,0,-0,0,-0,0,-0,0,-0,0,-0,0,-0,0,-0,0,-0,0,-0,0,-0,0,-0,0,-0,0,-0,0,-0,0,-0,0,-0,0,-0,0,-0,0,-0,0,-0,0,-0,0,-0,0,-0,0,-0,0,-0,0,-0,0,-0,0,-0,0,-0,0,-0,0,-0,0,-0,0,-0,0,-0,0,-0,0,-0,0,-0,0,-0,0,-0,0,-0,0,-0,0,-0,0,-0,0,-0,0,-0,0,-0,0,-0,0,-0,0,-0,0,-0,0,-0,0,-0,0,-0,0,-0,0,-0,0,-0,0,-0,0,-0,0,-0,0,-0,0,-0,0,-0,0,-0,0,-0,0,-0,0,-0,0,-2,2,-0,0,-0,0,-0,0,0,0
0,-0,0,-0,0,-0,0,-0,0,-0,0,-0,0,-0,0,-0,0,-0,0,-0,0,-0,0,-0,0,-0,0,-0,0,-0,0,-0,0,-0,0,-0,0,-0,0,-0,0,-0,0,-0,0,-0,0,-0,0,-0,0,-0,0,-0,0,-0,0,-0,0,-0,0,-0,0,-0,0,-0,0,-0,0,-0,0,-0,0,-0,0,-0,0,-0,0,-0,0,-0,0,-0,0,-0,0,-0,0,-0,0,-0,0,-0,0,-0,0,-0,0,-0,0,-0,0,-0,0,-0,0,-0,0,-0,0,-0,0,-0,0,-0,0,-0,0,-0,0,-0,0,-0,0,-0,0,-0,0,-0,0,-0,0,-0,0,-0,0,-0,0,-0,0,-0,0,-0,0,-0,0,-0,0,-0,0,-0,0,-0,0,-0,0,-0,0,-0,0,-0,0,-0,0,-0,0,-0,0,-0,0,-0,0,-0,0,-0,0,-0,0,-0,0,-0,0,-0,0,-0,0,-0,0,-0,0,-0,2,-2,0,-0,0,-0,0,0
-0,0,-0,0,-0,0,-0,0,-0,0,-0,0,-0,0,-0,0,-0,0,-0,0,-0,0,-0,0,-0,0,-0,0,-0,0,-0,0,-0,0,-0,0,-0,0,-0,0,-0,0,-0,0,-0,0,-0,0,-0,0,-0,0,-0,0,-0,0,-0,0,-0,0,-0,0,-0,0,-0,0,-0,0,-0,0,-0,0,-0,0,-0,0,-0,0,-0,0,-0,0,-0,0,-0,0,-0,0,-0,0,-0,0,-0,0,-0,0,-0,0,-0,0,-0,0,-0,0,-0,0,-0,0,-0,0,-0,0,-0,0,-0,0,-0,0,-0,0,-0,0,-0,0,-0,0,-0,0,-0,0,-0,0,-0,0,-0,0,-0,0,-0,0,-0,0,-0,0,-0,0,-0,0,-0,0,-0,0,-0,0,-0,0,-0,0,-0,0,-0,0,-0,0,-0,0,-0,0,-0,0,-0,0,-0,0,-0,0,-0,0,-0,0,-0,0,-0,0,-0,0,-0,0,-0,0,-0,0,-2,2,-0,0,-0,0,0,0
0,-0,0,-0,0,-0,0,-0,0,-0,0,-0,0,-0,0,-0,0,-0,0,-0,0,-0,0,-0,0,-0,0,-0,0,-0,0,-0,0,-0,0,-0,0,-0,0,-0,0,-0,0,-0,0,-0,0,-0,0,-0,0,-0,0,-0,0,-0,0,-0,0,-0,0,-0,0,-0,0,-0,0,-0,0,-0,0,-0,0,-0,0,-0,0,-0,0,-0,0,-0,0,-0,0,-0,0,-0,0,-0,0,-0,0,-0,0,-0,0,-0,0,-0,0,-0,0,-0,0,-0,0,-0,0,-0,0,-0,0,-0,0,-0,0,-0,0,-0,0,-0,0,-0,0,-0,0,-0,0,-0,0,-0,0,-0,0,-0,0,-0,0,-0,0,-0,0,-0,0,-0,0,-0,0,-0,0,-0,0,-0,0,-0,0,-0,0,-0,0,-0,0,-0,0,-0,0,-0,0,-0,0,-0,0,-0,0,-0,0,-0,0,-0,0,-0,0,-0,0,-0,0,-0,0,-0,0,-0,0,-0,2,-2,0,-0,0,0
-0,0,-0,0,-0,0,-0,0,-0,0,-0,0,-0,0,-0,0,-0,0,-0,0,-0,0,-0,0,-0,0,-0,0,-0,0,-0,0,-0,0,-0,0,-0,0,-0,0,-0,0,-0,0,-0,0,-0,0,-0,0,-0,0,-0,0,-0,0,-0,0,-0,0,-0,0,-0,0,-0,0,-0,0,-0,0,-0,0,-0,0,-0,0,-0,0,-0,0,-0,0,-0,0,-0,0,-0,0,-0,0,-0,0,-0,0,-0,0,-0,0,-0,0,-0,0,-0,0,-0,0,-0,0,-0,0,-0,0,-0,0,-0,0,-0,0,-0,0,-0,0,-0,0,-0,0,-0,0,-0,0,-0,0,-0,0,-0,0,-0,0,-0,0,-0,0,-0,0,-0,0,-0,0,-0,0,-0,0,-0,0,-0,0,-0,0,-0,0,-0,0,-0,0,-0,0,-0,0,-0,0,-0,0,-0,0,-0,0,-0,0,-0,0,-0,0,-0,0,-0,0,-0,0,-0,0,-0,0,-0,0,-2,2,-0,0,0,0
0,-0,0,-0,0,-0,0,-0,0,-0,0,-0,0,-0,0,-0,0,-0,0,-0,0,-0,0,-0,0,-0,0,-0,0,-0,0,-0,0,-0,0,-0,0,-0,0,-0,0,-0,0,-0,0,-0,0,-0,0,-0,0,-0,0,-0,0,-0,0,-0,0,-0,0,-0,0,-0,0,-0,0,-0,0,-0,0,-0,0,-0,0,-0,0,-0,0,-0,0,-0,0,-0,0,-0,0,-0,0,-0,0,-0,0,-0,0,-0,0,-0,0,-0,0,-0,0,-0,0,-0,0,-0,0,-0,0,-0,0,-0,0,-0,0,-0,0,-0,0,-0,0,-0,0,-0,0,-0,0,-0,0,-0,0,-0,0,-0,0,-0,0,-0,0,-0,0,-0,0,-0,0,-0,0,-0,0,-0,0,-0,0,-0,0,-0,0,-0,0,-0,0,-0,0,-0,0,-0,0,-0,0,-0,0,-0,0,-0,0,-0,0,-0,0,-0,0,-0,0,-0,0,-0,0,-0,0,-0,0,-0,0,-0,2,-2,0,0
-0,0,-0,0,-0,0,-0,0,-0,0,-0,0,-0,0,-0,0,-0,0,-0,0,-0,0,-0,0,-0,0,-0,0,-0,0,-0,0,-0,0,-0,0,-0,0,-0,0,-0,0,-0,0,-0,0,-0,0,-0,0,-0,0,-0,0,-0,0,-0,0,-0,0,-0,0,-0,0,-0,0,-0,0,-0,0,-0,0,-0,0,-0,0,-0,0,-0,0,-0,0,-0,0,-0,0,-0,0,-0,0,-0,0,-0,0,-0,0,-0,0,-0,0,-0,0,-0,0,-0,0,-0,0,-0,0,-0,0,-0,0,-0,0,-0,0,-0,0,-0,0,-0,0,-0,0,-0,0,-0,0,-0,0,-0,0,-0,0,-0,0,-0,0,-0,0,-0,0,-0,0,-0,0,-0,0,-0,0,-0,0,-0,0,-0,0,-0,0,-0,0,-0,0,-0,0,-0,0,-0,0,-0,0,-0,0,-0,0,-0,0,-0,0,-0,0,-0,0,-0,0,-0,0,-0,0,-0,0,-0,0,-0,0,-2,2,0,0
0,0,0,0,0,0,0,0,0,0,0,0,0,0,0,0,0,0,0,0,0,0,0,0,0,0,0,0,0,0,0,0,0,0,0,0,0,0,0,0,0,0,0,0,0,0,0,0,0,0,0,0,0,0,0,0,0,0,0,0,0,0,0,0,0,0,0,0,0,0,0,0,0,0,0,0,0,0,0,0,0,0,0,0,0,0,0,0,0,0,0,0,0,0,0,0,0,0,0,0,0,0,0,0,0,0,0,0,0,0,0,0,0,0,0,0,0,0,0,0,0,0,0,0,0,0,0,0,0,0,0,0,0,0,0,0,0,0,0,0,0,0,0,0,0,0,0,0,0,0,0,0,0,0,0,0,0,0,0,0,0,0,0,0,0,0,0,0,0,0,0,0,0,0,0,0,0,0,0,0,0,0,0,0,0,0,0,0,0,0,0,0,0,0,0,0,0,0,16.003,52.135
0,0,0,0,0,0,0,0,0,0,0,0,0,0,0,0,0,0,0,0,0,0,0,0,0,0,0,0,0,0,0,0,0,0,0,0,0,0,0,0,0,0,0,0,0,0,0,0,0,0,0,0,0,0,0,0,0,0,0,0,0,0,0,0,0,0,0,0,0,0,0,0,0,0,0,0,0,0,0,0,0,0,0,0,0,0,0,0,0,0,0,0,0,0,0,0,0,0,0,0,0,0,0,0,0,0,0,0,0,0,0,0,0,0,0,0,0,0,0,0,0,0,0,0,0,0,0,0,0,0,0,0,0,0,0,0,0,0,0,0,0,0,0,0,0,0,0,0,0,0,0,0,0,0,0,0,0,0,0,0,0,0,0,0,0,0,0,0,0,0,0,0,0,0,0,0,0,0,0,0,0,0,0,0,0,0,0,0,0,0,0,0,0,0,0,0,0,0,52.135,290.6
