1
1
1
1
1
1
0.82645
0.82645
0.82645
0.82645
0.82645
0.82645
0.68301
0.68301
0.68301
0.68301
0.68301
0.68301
0.56447
0.56447
0.56447
0.56447
0.56447
0.56447
0.46651
0.46651
0.46651
0.46651
0.46651
0.46651
0.38554
0.38554
0.38554
0.38554
0.38554
0.38554
0.31863
0.31863
0.31863
0.31863
0.31863
0.31863
0.26333
0.26333
0.26333
0.26333
0.26333
0.26333
0.21763
0.21763
0.21763
0.21763
0.21763
0.21763
0.17986
0.17986
0.17986
0.17986
0.17986
0.17986
0.14864
0.14864
0.14864
0.14864
0.14864
0.14864
0.12285
0.12285
0.12285
0.12285
0.12285
0.12285
0.10153
0.10153
0.10153
0.10153
0.10153
0.10153
0.083905
0.083905
0.083905
0.083905
0.083905
0.083905
0.069343
0.069343
0.069343
0.069343
0.069343
0.069343
0.057309
0.057309
0.057309
0.057309
0.057309
0.057309
0.047362
0.047362
0.047362
0.047362
0.047362
0.047362
0.039143
0.039143
0.039143
0.039143
0.039143
0.039143
0.032349
0.032349
0.032349
0.032349
0.032349
0.032349
0.026735
0.026735
0.026735
0.026735
0.026735
0.026735
0.022095
0.022095
0.022095
0.022095
0.022095
0.022095
0.01826
0.01826
0.01826
0.01826
0.01826
0.01826
0.015091
0.015091
0.015091
0.015091
0.015091
0.015091
0.012472
0.012472
0.012472
0.012472
0.012472
0.012472
0.010307
0.010307
0.010307
0.010307
0.010307
0.010307
0.0085186
0.0085186
0.0085186
0.0085186
0.0085186
0.0085186
0.0070401
0.0070401
0.0070401
0.0070401
0.0070401
0.0070401
0.0058183
0.0058183
0.0058183
0.0058183
0.0058183
0.0058183
0.0048085
0.0048085
0.0048085
0.0048085
0.0048085
0.0048085
0.003974
0.003974
0.003974
0.003974
0.003974
0.003974
0.0032843
0.0032843
0.0032843
0.0032843
0.0032843
0.0032843
0.0027143
0.0027143
0.0027143
0.0027143
0.0027143
0.0027143
0.0022432
0.0022432
0.0022432
0.0022432
0.0022432
0.0022432
0.0018539
0.0018539
0.0018539
0.0018539
0.0018539
0.0018539
0.0015321
0.0015321
0.0015321
0.0015321
0.0015321
0.0015321
0.0012662
0.0012662
0.0012662
0.0012662
0.0012662
0.0012662
0.0010465
0.0010465
0.0010465
0.0010465
0.0010465
0.0010465
0.00086485
0.00086485
0.00086485
0.00086485
0.00086485
0.00086485
0.00071475
0.00071475
0.00071475
0.00071475
0.00071475
0.00071475
0.0005907
0.0005907
0.0005907
0.0005907
0.0005907
0.0005907
0.00048819
0.00048819
0.00048819
0.00048819
0.00048819
0.00048819
0.00040346
0.00040346
0.00040346
0.00040346
0.00040346
0.00040346
0.00033344
0.00033344
0.00033344
0.00033344
0.00033344
0.00033344
0.00027557
0.00027557
0.00027557
0.00027557
0.00027557
0.00027557
0.00022774
0.00022774
0.00022774
0.00022774
0.00022774
0.00022774
0.00018822
0.00018822
0.00018822
0.00018822
0.00018822
0.00018822
0.00015555
0.00015555
0.00015555
0.00015555
0.00015555
0.00015555
0.00012855
0.00012855
0.00012855
0.00012855
0.00012855
0.00012855
0.00010624
0.00010624
0.00010624
0.00010624
0.00010624
0.00010624
8.7805e-05
8.7805e-05
8.7805e-05
8.7805e-05
8.7805e-05
8.7805e-05
7.2566e-05
7.2566e-05
7.2566e-05
7.2566e-05
7.2566e-05
7.2566e-05
5.9972e-05
5.9972e-05
5.9972e-05
5.9972e-05
5.9972e-05
5.9972e-05
4.9563e-05
4.9563e-05
4.9563e-05
4.9563e-05
4.9563e-05
4.9563e-05
4.0961e-05
4.0961e-05
4.0961e-05
4.0961e-05
4.0961e-05
4.0961e-05
3.3852e-05
3.3852e-05
3.3852e-05
3.3852e-05
3.3852e-05
3.3852e-05
2.7977e-05
2.7977e-05
2.7977e-05
2.7977e-05
2.7977e-05
2.7977e-05
2.3122e-05
2.3122e-05
2.3122e-05
2.3122e-05
2.3122e-05
2.3122e-05
1.9109e-05
1.9109e-05
1.9109e-05
1.9109e-05
1.9109e-05
1.9109e-05
1.5792e-05
1.5792e-05
1.5792e-05
1.5792e-05
1.5792e-05
1.5792e-05
1.3052e-05
1.3052e-05
1.3052e-05
1.3052e-05
1.3052e-05
1.3052e-05
1.0786e-05
1.0786e-05
1.0786e-05
1.0786e-05
1.0786e-05
1.0786e-05
8.9144e-06
8.9144e-06
8.9144e-06
8.9144e-06
8.9144e-06
8.9144e-06
7.3673e-06
7.3673e-06
7.3673e-06
7.3673e-06
7.3673e-06
7.3673e-06
6.0887e-06
6.0887e-06
6.0887e-06
6.0887e-06
6.0887e-06
6.0887e-06
5.0319e-06
5.0319e-06
5.0319e-06
5.0319e-06
5.0319e-06
5.0319e-06
4.1586e-06
4.1586e-06
4.1586e-06
4.1586e-06
4.1586e-06
4.1586e-06
3.4369e-06
3.4369e-06
3.4369e-06
3.4369e-06
3.4369e-06
3.4369e-06
2.8404e-06
2.8404e-06
2.8404e-06
2.8404e-06
2.8404e-06
2.8404e-06
2.3474e-06
2.3474e-06
2.3474e-06
2.3474e-06
2.3474e-06
2.3474e-06
1.94e-06
1.94e-06
1.94e-06
1.94e-06
1.94e-06
1.94e-06
1.6033e-06
1.6033e-06
1.6033e-06
1.6033e-06
1.6033e-06
1.6033e-06
1.3251e-06
1.3251e-06
1.3251e-06
1.3251e-06
1.3251e-06
1.3251e-06
1.0951e-06
1.0951e-06
1.0951e-06
1.0951e-06
1.0951e-06
1.0951e-06
9.0504e-07
9.0504e-07
9.0504e-07
9.0504e-07
9.0504e-07
9.0504e-07
7.4797e-07
7.4797e-07
7.4797e-07
7.4797e-07
7.4797e-07
7.4797e-07
6.1815e-07
6.1815e-07
6.1815e-07
6.1815e-07
6.1815e-07
6.1815e-07
5.1087e-07
5.1087e-07
5.1087e-07
5.1087e-07
5.1087e-07
5.1087e-07
4.2221e-07
4.2221e-07
4.2221e-07
4.2221e-07
4.2221e-07
4.2221e-07
3.4893e-07
3.4893e-07
3.4893e-07
3.4893e-07
3.4893e-07
3.4893e-07
2.8837e-07
2.8837e-07
2.8837e-07
2.8837e-07
2.8837e-07
2.8837e-07
2.3833e-07
2.3833e-07
2.3833e-07
2.3833e-07
2.3833e-07
2.3833e-07
1.9696e-07
1.9696e-07
1.9696e-07
1.9696e-07
1.9696e-07
1.9696e-07
1.6278e-07
1.6278e-07
1.6278e-07
1.6278e-07
1.6278e-07
1.6278e-07
1.3453e-07
1.3453e-07
1.3453e-07
1.3453e-07
1.3453e-07
1.3453e-07
1.1118e-07
1.1118e-07
1.1118e-07
1.1118e-07
1.1118e-07
1.1118e-07
9.1885e-08
9.1885e-08
9.1885e-08
9.1885e-08
9.1885e-08
9.1885e-08
7.5938e-08
7.5938e-08
7.5938e-08
7.5938e-08
7.5938e-08
7.5938e-08
6.2759e-08
6.2759e-08
6.2759e-08
6.2759e-08
6.2759e-08
6.2759e-08
5.1867e-08
5.1867e-08
5.1867e-08
5.1867e-08
5.1867e-08
5.1867e-08
4.2865e-08
4.2865e-08
4.2865e-08
4.2865e-08
4.2865e-08
4.2865e-08
3.5426e-08
3.5426e-08
3.5426e-08
3.5426e-08
3.5426e-08
3.5426e-08
2.9277e-08
2.9277e-08
2.9277e-08
2.9277e-08
2.9277e-08
2.9277e-08
2.4196e-08
2.4196e-08
2.4196e-08
2.4196e-08
2.4196e-08
2.4196e-08
1.9997e-08
1.9997e-08
1.9997e-08
1.9997e-08
1.9997e-08
1.9997e-08
1.6526e-08
1.6526e-08
1.6526e-08
1.6526e-08
1.6526e-08
1.6526e-08
1.3658e-08
1.3658e-08
1.3658e-08
1.3658e-08
1.3658e-08
1.3658e-08
1.1288e-08
1.1288e-08
1.1288e-08
1.1288e-08
1.1288e-08
1.1288e-08
9.3287e-09
9.3287e-09
9.3287e-09
9.3287e-09
9.3287e-09
9.3287e-09
7.7096e-09
7.7096e-09
7.7096e-09
7.7096e-09
7.7096e-09
7.7096e-09
6.3716e-09
6.3716e-09
6.3716e-09
6.3716e-09
6.3716e-09
6.3716e-09
